-60.543570 -35.482113
-59.010995 -35.482113
-57.478419 -35.482113
-55.945843 -35.482113
-62.842434 -33.908910
-61.309858 -33.908910
-59.777282 -33.908910
-58.244707 -33.908910
-56.712131 -33.908910
-55.179555 -33.908910
-63.608722 -32.335707
-62.076146 -32.335707
-60.543570 -32.335707
-59.010995 -32.335707
-57.478419 -32.335707
-55.945843 -32.335707
-54.413267 -32.335707
-52.880691 -32.335707
-64.375010 -30.762505
-62.842434 -30.762505
-61.309858 -30.762505
-59.777282 -30.762505
-58.244707 -30.762505
-56.712131 -30.762505
-55.179555 -30.762505
-53.646979 -30.762505
-52.114403 -30.762505
-50.581828 -30.762505
-65.141298 -29.189302
-63.608722 -29.189302
-62.076146 -29.189302
-60.543570 -29.189302
-59.010995 -29.189302
-57.478419 -29.189302
-55.945843 -29.189302
-54.413267 -29.189302
-52.880691 -29.189302
-51.348116 -29.189302
-49.815540 -29.189302
-67.440162 -27.616099
-65.907586 -27.616099
-64.375010 -27.616099
-62.842434 -27.616099
-61.309858 -27.616099
-59.777282 -27.616099
-58.244707 -27.616099
-56.712131 -27.616099
-55.179555 -27.616099
-53.646979 -27.616099
-52.114403 -27.616099
-50.581828 -27.616099
-49.049252 -27.616099
-68.206449 -26.042896
-66.673874 -26.042896
-65.141298 -26.042896
-63.608722 -26.042896
-62.076146 -26.042896
-60.543570 -26.042896
-59.010995 -26.042896
-57.478419 -26.042896
-55.945843 -26.042896
-54.413267 -26.042896
-52.880691 -26.042896
-51.348116 -26.042896
-49.815540 -26.042896
-68.972737 -24.469694
-67.440162 -24.469694
-65.907586 -24.469694
-64.375010 -24.469694
-62.842434 -24.469694
-61.309858 -24.469694
-59.777282 -24.469694
-58.244707 -24.469694
-56.712131 -24.469694
-55.179555 -24.469694
-53.646979 -24.469694
-52.114403 -24.469694
-50.581828 -24.469694
-49.049252 -24.469694
-47.516676 -24.469694
-69.739025 -22.896491
-68.206449 -22.896491
-66.673874 -22.896491
-65.141298 -22.896491
-63.608722 -22.896491
-62.076146 -22.896491
-60.543570 -22.896491
-59.010995 -22.896491
-57.478419 -22.896491
-55.945843 -22.896491
-54.413267 -22.896491
-52.880691 -22.896491
-51.348116 -22.896491
-49.815540 -22.896491
-48.282964 -22.896491
-46.750388 -22.896491
-45.217812 -22.896491
-43.685237 -22.896491
-68.972737 -21.323288
-67.440162 -21.323288
-65.907586 -21.323288
-64.375010 -21.323288
-62.842434 -21.323288
-61.309858 -21.323288
-59.777282 -21.323288
-58.244707 -21.323288
-56.712131 -21.323288
-55.179555 -21.323288
-53.646979 -21.323288
-52.114403 -21.323288
-50.581828 -21.323288
-49.049252 -21.323288
-47.516676 -21.323288
-45.984100 -21.323288
-44.451524 -21.323288
-42.918949 -21.323288
-41.386373 -21.323288
-69.739025 -19.750086
-68.206449 -19.750086
-66.673874 -19.750086
-65.141298 -19.750086
-63.608722 -19.750086
-62.076146 -19.750086
-60.543570 -19.750086
-59.010995 -19.750086
-57.478419 -19.750086
-55.945843 -19.750086
-54.413267 -19.750086
-52.880691 -19.750086
-51.348116 -19.750086
-49.815540 -19.750086
-48.282964 -19.750086
-46.750388 -19.750086
-45.217812 -19.750086
-43.685237 -19.750086
-42.152661 -19.750086
-40.620085 -19.750086
-70.505313 -18.176883
-68.972737 -18.176883
-67.440162 -18.176883
-65.907586 -18.176883
-64.375010 -18.176883
-62.842434 -18.176883
-61.309858 -18.176883
-59.777282 -18.176883
-58.244707 -18.176883
-56.712131 -18.176883
-55.179555 -18.176883
-53.646979 -18.176883
-52.114403 -18.176883
-50.581828 -18.176883
-49.049252 -18.176883
-47.516676 -18.176883
-45.984100 -18.176883
-44.451524 -18.176883
-42.918949 -18.176883
-41.386373 -18.176883
-39.853797 -18.176883
-72.804177 -16.603680
-71.271601 -16.603680
-69.739025 -16.603680
-68.206449 -16.603680
-66.673874 -16.603680
-65.141298 -16.603680
-63.608722 -16.603680
-62.076146 -16.603680
-60.543570 -16.603680
-59.010995 -16.603680
-57.478419 -16.603680
-55.945843 -16.603680
-54.413267 -16.603680
-52.880691 -16.603680
-51.348116 -16.603680
-49.815540 -16.603680
-48.282964 -16.603680
-46.750388 -16.603680
-45.217812 -16.603680
-43.685237 -16.603680
-42.152661 -16.603680
-40.620085 -16.603680
-75.103041 -15.030477
-73.570465 -15.030477
-72.037889 -15.030477
-70.505313 -15.030477
-68.972737 -15.030477
-67.440162 -15.030477
-65.907586 -15.030477
-64.375010 -15.030477
-62.842434 -15.030477
-61.309858 -15.030477
-59.777282 -15.030477
-58.244707 -15.030477
-56.712131 -15.030477
-55.179555 -15.030477
-53.646979 -15.030477
-52.114403 -15.030477
-50.581828 -15.030477
-49.049252 -15.030477
-47.516676 -15.030477
-45.984100 -15.030477
-44.451524 -15.030477
-42.918949 -15.030477
-41.386373 -15.030477
-39.853797 -15.030477
-75.869328 -13.457275
-74.336753 -13.457275
-72.804177 -13.457275
-71.271601 -13.457275
-69.739025 -13.457275
-68.206449 -13.457275
-66.673874 -13.457275
-65.141298 -13.457275
-63.608722 -13.457275
-62.076146 -13.457275
-60.543570 -13.457275
-59.010995 -13.457275
-57.478419 -13.457275
-55.945843 -13.457275
-54.413267 -13.457275
-52.880691 -13.457275
-51.348116 -13.457275
-49.815540 -13.457275
-48.282964 -13.457275
-46.750388 -13.457275
-45.217812 -13.457275
-43.685237 -13.457275
-42.152661 -13.457275
-40.620085 -13.457275
-39.087509 -13.457275
-76.635616 -11.884072
-75.103041 -11.884072
-73.570465 -11.884072
-72.037889 -11.884072
-70.505313 -11.884072
-68.972737 -11.884072
-67.440162 -11.884072
-65.907586 -11.884072
-64.375010 -11.884072
-62.842434 -11.884072
-61.309858 -11.884072
-59.777282 -11.884072
-58.244707 -11.884072
-56.712131 -11.884072
-55.179555 -11.884072
-53.646979 -11.884072
-52.114403 -11.884072
-50.581828 -11.884072
-49.049252 -11.884072
-47.516676 -11.884072
-45.984100 -11.884072
-44.451524 -11.884072
-42.918949 -11.884072
-41.386373 -11.884072
-39.853797 -11.884072
-38.321221 -11.884072
-77.401904 -10.310869
-75.869328 -10.310869
-74.336753 -10.310869
-72.804177 -10.310869
-71.271601 -10.310869
-69.739025 -10.310869
-68.206449 -10.310869
-66.673874 -10.310869
-65.141298 -10.310869
-63.608722 -10.310869
-62.076146 -10.310869
-60.543570 -10.310869
-59.010995 -10.310869
-57.478419 -10.310869
-55.945843 -10.310869
-54.413267 -10.310869
-52.880691 -10.310869
-51.348116 -10.310869
-49.815540 -10.310869
-48.282964 -10.310869
-46.750388 -10.310869
-45.217812 -10.310869
-43.685237 -10.310869
-42.152661 -10.310869
-40.620085 -10.310869
-39.087509 -10.310869
-37.554933 -10.310869
-78.168192  -8.737667
-76.635616  -8.737667
-75.103041  -8.737667
-73.570465  -8.737667
-72.037889  -8.737667
-70.505313  -8.737667
-68.972737  -8.737667
-67.440162  -8.737667
-65.907586  -8.737667
-64.375010  -8.737667
-62.842434  -8.737667
-61.309858  -8.737667
-59.777282  -8.737667
-58.244707  -8.737667
-56.712131  -8.737667
-55.179555  -8.737667
-53.646979  -8.737667
-52.114403  -8.737667
-50.581828  -8.737667
-49.049252  -8.737667
-47.516676  -8.737667
-45.984100  -8.737667
-44.451524  -8.737667
-42.918949  -8.737667
-41.386373  -8.737667
-39.853797  -8.737667
-38.321221  -8.737667
-36.788645  -8.737667
-35.256070  -8.737667
-78.934480  -7.164464
-77.401904  -7.164464
-75.869328  -7.164464
-74.336753  -7.164464
-72.804177  -7.164464
-71.271601  -7.164464
-69.739025  -7.164464
-68.206449  -7.164464
-66.673874  -7.164464
-65.141298  -7.164464
-63.608722  -7.164464
-62.076146  -7.164464
-60.543570  -7.164464
-59.010995  -7.164464
-57.478419  -7.164464
-55.945843  -7.164464
-54.413267  -7.164464
-52.880691  -7.164464
-51.348116  -7.164464
-49.815540  -7.164464
-48.282964  -7.164464
-46.750388  -7.164464
-45.217812  -7.164464
-43.685237  -7.164464
-42.152661  -7.164464
-40.620085  -7.164464
-39.087509  -7.164464
-37.554933  -7.164464
-36.022358  -7.164464
-79.700768  -5.591261
-78.168192  -5.591261
-76.635616  -5.591261
-75.103041  -5.591261
-73.570465  -5.591261
-72.037889  -5.591261
-70.505313  -5.591261
-68.972737  -5.591261
-67.440162  -5.591261
-65.907586  -5.591261
-64.375010  -5.591261
-62.842434  -5.591261
-61.309858  -5.591261
-59.777282  -5.591261
-58.244707  -5.591261
-56.712131  -5.591261
-55.179555  -5.591261
-53.646979  -5.591261
-52.114403  -5.591261
-50.581828  -5.591261
-49.049252  -5.591261
-47.516676  -5.591261
-45.984100  -5.591261
-44.451524  -5.591261
-42.918949  -5.591261
-41.386373  -5.591261
-39.853797  -5.591261
-38.321221  -5.591261
-36.788645  -5.591261
-35.256070  -5.591261
-80.467056  -4.018058
-78.934480  -4.018058
-77.401904  -4.018058
-75.869328  -4.018058
-74.336753  -4.018058
-72.804177  -4.018058
-71.271601  -4.018058
-69.739025  -4.018058
-68.206449  -4.018058
-66.673874  -4.018058
-65.141298  -4.018058
-63.608722  -4.018058
-62.076146  -4.018058
-60.543570  -4.018058
-59.010995  -4.018058
-57.478419  -4.018058
-55.945843  -4.018058
-54.413267  -4.018058
-52.880691  -4.018058
-51.348116  -4.018058
-49.815540  -4.018058
-48.282964  -4.018058
-46.750388  -4.018058
-45.217812  -4.018058
-43.685237  -4.018058
-42.152661  -4.018058
-40.620085  -4.018058
-39.087509  -4.018058
-37.554933  -4.018058
-79.700768  -2.444856
-78.168192  -2.444856
-76.635616  -2.444856
-75.103041  -2.444856
-73.570465  -2.444856
-72.037889  -2.444856
-70.505313  -2.444856
-68.972737  -2.444856
-67.440162  -2.444856
-65.907586  -2.444856
-64.375010  -2.444856
-62.842434  -2.444856
-61.309858  -2.444856
-59.777282  -2.444856
-58.244707  -2.444856
-56.712131  -2.444856
-55.179555  -2.444856
-53.646979  -2.444856
-52.114403  -2.444856
-50.581828  -2.444856
-49.049252  -2.444856
-47.516676  -2.444856
-45.984100  -2.444856
-44.451524  -2.444856
-42.918949  -2.444856
-78.934480  -0.871653
-77.401904  -0.871653
-75.869328  -0.871653
-74.336753  -0.871653
-72.804177  -0.871653
-71.271601  -0.871653
-69.739025  -0.871653
-68.206449  -0.871653
-66.673874  -0.871653
-65.141298  -0.871653
-63.608722  -0.871653
-62.076146  -0.871653
-60.543570  -0.871653
-59.010995  -0.871653
-57.478419  -0.871653
-55.945843  -0.871653
-54.413267  -0.871653
-52.880691  -0.871653
-51.348116  -0.871653
-49.815540  -0.871653
-48.282964  -0.871653
-78.168192   0.701550
-76.635616   0.701550
-75.103041   0.701550
-73.570465   0.701550
-72.037889   0.701550
-70.505313   0.701550
-68.972737   0.701550
-67.440162   0.701550
-65.907586   0.701550
-64.375010   0.701550
-62.842434   0.701550
-61.309858   0.701550
-59.777282   0.701550
-58.244707   0.701550
-56.712131   0.701550
-55.179555   0.701550
-53.646979   0.701550
-52.114403   0.701550
-50.581828   0.701550
-77.401904   2.274753
-75.869328   2.274753
-74.336753   2.274753
-72.804177   2.274753
-71.271601   2.274753
-69.739025   2.274753
-68.206449   2.274753
-66.673874   2.274753
-65.141298   2.274753
-63.608722   2.274753
-62.076146   2.274753
-60.543570   2.274753
-59.010995   2.274753
-57.478419   2.274753
-55.945843   2.274753
-54.413267   2.274753
-52.880691   2.274753
-51.348116   2.274753
-76.635616   3.847955
-75.103041   3.847955
-73.570465   3.847955
-72.037889   3.847955
-70.505313   3.847955
-68.972737   3.847955
-67.440162   3.847955
-65.907586   3.847955
-64.375010   3.847955
-62.842434   3.847955
-61.309858   3.847955
-59.777282   3.847955
-58.244707   3.847955
-56.712131   3.847955
-55.179555   3.847955
-53.646979   3.847955
-52.114403   3.847955
-75.869328   5.421158
-74.336753   5.421158
-72.804177   5.421158
-71.271601   5.421158
-69.739025   5.421158
-68.206449   5.421158
-66.673874   5.421158
-65.141298   5.421158
-63.608722   5.421158
-62.076146   5.421158
-60.543570   5.421158
-59.010995   5.421158
-57.478419   5.421158
-55.945843   5.421158
-54.413267   5.421158
-52.880691   5.421158
-78.168192   6.994361
-76.635616   6.994361
-75.103041   6.994361
-73.570465   6.994361
-72.037889   6.994361
-70.505313   6.994361
-68.972737   6.994361
-67.440162   6.994361
-65.907586   6.994361
-64.375010   6.994361
-62.842434   6.994361
-61.309858   6.994361
-59.777282   6.994361
-58.244707   6.994361
-83.532207   8.567563
-81.999632   8.567563
-80.467056   8.567563
-78.934480   8.567563
-77.401904   8.567563
-75.869328   8.567563
-74.336753   8.567563
-72.804177   8.567563
-71.271601   8.567563
-69.739025   8.567563
-68.206449   8.567563
-66.673874   8.567563
-65.141298   8.567563
-63.608722   8.567563
-62.076146   8.567563
-60.543570   8.567563
-84.298495  10.140766
-82.765920  10.140766
-75.103041  10.140766
-73.570465  10.140766
-72.037889  10.140766
-70.505313  10.140766
-68.972737  10.140766
-67.440162  10.140766
-65.907586  10.140766
-64.375010  10.140766
-62.842434  10.140766
-86.597359  11.713969
-85.064783  11.713969
-83.532207  11.713969
-72.804177  11.713969
-71.271601  11.713969
-69.739025  11.713969
-85.831071  13.287172
-84.298495  13.287172
