  1   6
  1   7
  1   2
  2   7
  2   8
  2   3
  3   8
  3   9
  3   4
  4   9
  4  10
  5  11
  5  12
  5   6
  6  12
  6  13
  6   7
  7  13
  7  14
  7   8
  8  14
  8  15
  8   9
  9  15
  9  16
  9  10
 10  16
 10  17
 11  19
 11  20
 11  12
 12  20
 12  21
 12  13
 13  21
 13  22
 13  14
 14  22
 14  23
 14  15
 15  23
 15  24
 15  16
 16  24
 16  25
 16  17
 17  25
 17  26
 17  18
 18  26
 18  27
 19  29
 19  30
 19  20
 20  30
 20  31
 20  21
 21  31
 21  32
 21  22
 22  32
 22  33
 22  23
 23  33
 23  34
 23  24
 24  34
 24  35
 24  25
 25  35
 25  36
 25  26
 26  36
 26  37
 26  27
 27  37
 27  38
 27  28
 28  38
 28  39
 29  41
 29  42
 29  30
 30  42
 30  43
 30  31
 31  43
 31  44
 31  32
 32  44
 32  45
 32  33
 33  45
 33  46
 33  34
 34  46
 34  47
 34  35
 35  47
 35  48
 35  36
 36  48
 36  49
 36  37
 37  49
 37  50
 37  38
 38  50
 38  51
 38  39
 39  51
 39  52
 40  53
 40  54
 40  41
 41  54
 41  55
 41  42
 42  55
 42  56
 42  43
 43  56
 43  57
 43  44
 44  57
 44  58
 44  45
 45  58
 45  59
 45  46
 46  59
 46  60
 46  47
 47  60
 47  61
 47  48
 48  61
 48  62
 48  49
 49  62
 49  63
 49  50
 50  63
 50  64
 50  51
 51  64
 51  65
 51  52
 52  65
 53  66
 53  67
 53  54
 54  67
 54  68
 54  55
 55  68
 55  69
 55  56
 56  69
 56  70
 56  57
 57  70
 57  71
 57  58
 58  71
 58  72
 58  59
 59  72
 59  73
 59  60
 60  73
 60  74
 60  61
 61  74
 61  75
 61  62
 62  75
 62  76
 62  63
 63  76
 63  77
 63  64
 64  77
 64  78
 64  65
 65  78
 65  79
 66  81
 66  82
 66  67
 67  82
 67  83
 67  68
 68  83
 68  84
 68  69
 69  84
 69  85
 69  70
 70  85
 70  86
 70  71
 71  86
 71  87
 71  72
 72  87
 72  88
 72  73
 73  88
 73  89
 73  74
 74  89
 74  90
 74  75
 75  90
 75  91
 75  76
 76  91
 76  92
 76  77
 77  92
 77  93
 77  78
 78  93
 78  94
 78  79
 79  94
 79  95
 79  80
 80  95
 80  96
 81  99
 81  82
 82  99
 82 100
 82  83
 83 100
 83 101
 83  84
 84 101
 84 102
 84  85
 85 102
 85 103
 85  86
 86 103
 86 104
 86  87
 87 104
 87 105
 87  88
 88 105
 88 106
 88  89
 89 106
 89 107
 89  90
 90 107
 90 108
 90  91
 91 108
 91 109
 91  92
 92 109
 92 110
 92  93
 93 110
 93 111
 93  94
 94 111
 94 112
 94  95
 95 112
 95 113
 95  96
 96 113
 96 114
 96  97
 97 114
 97 115
 97  98
 98 115
 98 116
 99 118
 99 119
 99 100
100 119
100 120
100 101
101 120
101 121
101 102
102 121
102 122
102 103
103 122
103 123
103 104
104 123
104 124
104 105
105 124
105 125
105 106
106 125
106 126
106 107
107 126
107 127
107 108
108 127
108 128
108 109
109 128
109 129
109 110
110 129
110 130
110 111
111 130
111 131
111 112
112 131
112 132
112 113
113 132
113 133
113 114
114 133
114 134
114 115
115 134
115 135
115 116
116 135
116 136
116 117
117 136
117 137
118 138
118 139
118 119
119 139
119 140
119 120
120 140
120 141
120 121
121 141
121 142
121 122
122 142
122 143
122 123
123 143
123 144
123 124
124 144
124 145
124 125
125 145
125 146
125 126
126 146
126 147
126 127
127 147
127 148
127 128
128 148
128 149
128 129
129 149
129 150
129 130
130 150
130 151
130 131
131 151
131 152
131 132
132 152
132 153
132 133
133 153
133 154
133 134
134 154
134 155
134 135
135 155
135 156
135 136
136 156
136 157
136 137
137 157
137 158
138 160
138 161
138 139
139 161
139 162
139 140
140 162
140 163
140 141
141 163
141 164
141 142
142 164
142 165
142 143
143 165
143 166
143 144
144 166
144 167
144 145
145 167
145 168
145 146
146 168
146 169
146 147
147 169
147 170
147 148
148 170
148 171
148 149
149 171
149 172
149 150
150 172
150 173
150 151
151 173
151 174
151 152
152 174
152 175
152 153
153 175
153 176
153 154
154 176
154 177
154 155
155 177
155 178
155 156
156 178
156 179
156 157
157 179
157 180
157 158
158 180
159 182
159 183
159 160
160 183
160 184
160 161
161 184
161 185
161 162
162 185
162 186
162 163
163 186
163 187
163 164
164 187
164 188
164 165
165 188
165 189
165 166
166 189
166 190
166 167
167 190
167 191
167 168
168 191
168 192
168 169
169 192
169 193
169 170
170 193
170 194
170 171
171 194
171 195
171 172
172 195
172 196
172 173
173 196
173 197
173 174
174 197
174 198
174 175
175 198
175 199
175 176
176 199
176 200
176 177
177 200
177 201
177 178
178 201
178 202
178 179
179 202
179 203
179 180
180 203
180 204
181 205
181 206
181 182
182 206
182 207
182 183
183 207
183 208
183 184
184 208
184 209
184 185
185 209
185 210
185 186
186 210
186 211
186 187
187 211
187 212
187 188
188 212
188 213
188 189
189 213
189 214
189 190
190 214
190 215
190 191
191 215
191 216
191 192
192 216
192 217
192 193
193 217
193 218
193 194
194 218
194 219
194 195
195 219
195 220
195 196
196 220
196 221
196 197
197 221
197 222
197 198
198 222
198 223
198 199
199 223
199 224
199 200
200 224
200 225
200 201
201 225
201 226
201 202
202 226
202 227
202 203
203 227
203 228
203 204
204 228
204 229
205 230
205 231
205 206
206 231
206 232
206 207
207 232
207 233
207 208
208 233
208 234
208 209
209 234
209 235
209 210
210 235
210 236
210 211
211 236
211 237
211 212
212 237
212 238
212 213
213 238
213 239
213 214
214 239
214 240
214 215
215 240
215 241
215 216
216 241
216 242
216 217
217 242
217 243
217 218
218 243
218 244
218 219
219 244
219 245
219 220
220 245
220 246
220 221
221 246
221 247
221 222
222 247
222 248
222 223
223 248
223 249
223 224
224 249
224 250
224 225
225 250
225 251
225 226
226 251
226 252
226 227
227 252
227 253
227 228
228 253
228 254
228 229
229 254
229 255
230 256
230 257
230 231
231 257
231 258
231 232
232 258
232 259
232 233
233 259
233 260
233 234
234 260
234 261
234 235
235 261
235 262
235 236
236 262
236 263
236 237
237 263
237 264
237 238
238 264
238 265
238 239
239 265
239 266
239 240
240 266
240 267
240 241
241 267
241 268
241 242
242 268
242 269
242 243
243 269
243 270
243 244
244 270
244 271
244 245
245 271
245 272
245 246
246 272
246 273
246 247
247 273
247 274
247 248
248 274
248 275
248 249
249 275
249 276
249 250
250 276
250 277
250 251
251 277
251 278
251 252
252 278
252 279
252 253
253 279
253 280
253 254
254 280
254 281
254 255
255 281
255 282
256 283
256 284
256 257
257 284
257 285
257 258
258 285
258 286
258 259
259 286
259 287
259 260
260 287
260 288
260 261
261 288
261 289
261 262
262 289
262 290
262 263
263 290
263 291
263 264
264 291
264 292
264 265
265 292
265 293
265 266
266 293
266 294
266 267
267 294
267 295
267 268
268 295
268 296
268 269
269 296
269 297
269 270
270 297
270 298
270 271
271 298
271 299
271 272
272 299
272 300
272 273
273 300
273 301
273 274
274 301
274 302
274 275
275 302
275 303
275 276
276 303
276 304
276 277
277 304
277 305
277 278
278 305
278 306
278 279
279 306
279 307
279 280
280 307
280 308
280 281
281 308
281 309
281 282
282 309
282 310
283 312
283 313
283 284
284 313
284 314
284 285
285 314
285 315
285 286
286 315
286 316
286 287
287 316
287 317
287 288
288 317
288 318
288 289
289 318
289 319
289 290
290 319
290 320
290 291
291 320
291 321
291 292
292 321
292 322
292 293
293 322
293 323
293 294
294 323
294 324
294 295
295 324
295 325
295 296
296 325
296 326
296 297
297 326
297 327
297 298
298 327
298 328
298 299
299 328
299 329
299 300
300 329
300 330
300 301
301 330
301 331
301 302
302 331
302 332
302 303
303 332
303 333
303 304
304 333
304 334
304 305
305 334
305 335
305 306
306 335
306 336
306 307
307 336
307 337
307 308
308 337
308 338
308 309
309 338
309 339
309 310
310 339
310 340
310 311
311 340
312 341
312 342
312 313
313 342
313 343
313 314
314 343
314 344
314 315
315 344
315 345
315 316
316 345
316 346
316 317
317 346
317 347
317 318
318 347
318 348
318 319
319 348
319 349
319 320
320 349
320 350
320 321
321 350
321 351
321 322
322 351
322 352
322 323
323 352
323 353
323 324
324 353
324 354
324 325
325 354
325 355
325 326
326 355
326 356
326 327
327 356
327 357
327 328
328 357
328 358
328 329
329 358
329 359
329 330
330 359
330 360
330 331
331 360
331 361
331 332
332 361
332 362
332 333
333 362
333 363
333 334
334 363
334 364
334 335
335 364
335 365
335 336
336 365
336 366
336 337
337 366
337 367
337 338
338 367
338 368
338 339
339 368
339 369
339 340
340 369
340 370
341 371
341 372
341 342
342 372
342 373
342 343
343 373
343 374
343 344
344 374
344 375
344 345
345 375
345 376
345 346
346 376
346 377
346 347
347 377
347 378
347 348
348 378
348 379
348 349
349 379
349 380
349 350
350 380
350 381
350 351
351 381
351 382
351 352
352 382
352 383
352 353
353 383
353 384
353 354
354 384
354 385
354 355
355 385
355 386
355 356
356 386
356 387
356 357
357 387
357 388
357 358
358 388
358 389
358 359
359 389
359 390
359 360
360 390
360 391
360 361
361 391
361 392
361 362
362 392
362 393
362 363
363 393
363 394
363 364
364 394
364 395
364 365
365 395
365 396
365 366
366 396
366 397
366 367
367 397
367 398
367 368
368 398
368 399
368 369
369 399
369 370
371 400
371 372
372 400
372 401
372 373
373 401
373 402
373 374
374 402
374 403
374 375
375 403
375 404
375 376
376 404
376 405
376 377
377 405
377 406
377 378
378 406
378 407
378 379
379 407
379 408
379 380
380 408
380 409
380 381
381 409
381 410
381 382
382 410
382 411
382 383
383 411
383 412
383 384
384 412
384 413
384 385
385 413
385 414
385 386
386 414
386 415
386 387
387 415
387 416
387 388
388 416
388 417
388 389
389 417
389 418
389 390
390 418
390 419
390 391
391 419
391 420
391 392
392 420
392 421
392 393
393 421
393 422
393 394
394 422
394 423
394 395
395 423
395 424
395 396
396 424
396 397
397 398
398 399
400 425
400 401
401 425
401 426
401 402
402 426
402 427
402 403
403 427
403 428
403 404
404 428
404 429
404 405
405 429
405 430
405 406
406 430
406 431
406 407
407 431
407 432
407 408
408 432
408 433
408 409
409 433
409 434
409 410
410 434
410 435
410 411
411 435
411 436
411 412
412 436
412 437
412 413
413 437
413 438
413 414
414 438
414 439
414 415
415 439
415 440
415 416
416 440
416 441
416 417
417 441
417 442
417 418
418 442
418 443
418 419
419 443
419 444
419 420
420 444
420 445
420 421
421 445
421 422
422 423
423 424
425 446
425 426
426 446
426 447
426 427
427 447
427 448
427 428
428 448
428 449
428 429
429 449
429 450
429 430
430 450
430 451
430 431
431 451
431 452
431 432
432 452
432 453
432 433
433 453
433 454
433 434
434 454
434 455
434 435
435 455
435 456
435 436
436 456
436 457
436 437
437 457
437 458
437 438
438 458
438 459
438 439
439 459
439 460
439 440
440 460
440 461
440 441
441 461
441 462
441 442
442 462
442 463
442 443
443 463
443 464
443 444
444 464
444 445
446 465
446 447
447 465
447 466
447 448
448 466
448 467
448 449
449 467
449 468
449 450
450 468
450 469
450 451
451 469
451 470
451 452
452 470
452 471
452 453
453 471
453 472
453 454
454 472
454 473
454 455
455 473
455 474
455 456
456 474
456 475
456 457
457 475
457 476
457 458
458 476
458 477
458 459
459 477
459 478
459 460
460 478
460 479
460 461
461 479
461 480
461 462
462 480
462 481
462 463
463 481
463 482
463 464
464 482
465 483
465 466
466 483
466 484
466 467
467 484
467 485
467 468
468 485
468 486
468 469
469 486
469 487
469 470
470 487
470 488
470 471
471 488
471 489
471 472
472 489
472 490
472 473
473 490
473 491
473 474
474 491
474 492
474 475
475 492
475 493
475 476
476 493
476 494
476 477
477 494
477 495
477 478
478 495
478 496
478 479
479 496
479 497
479 480
480 497
480 498
480 481
481 498
481 499
481 482
482 499
483 500
483 484
484 500
484 501
484 485
485 501
485 502
485 486
486 502
486 503
486 487
487 503
487 504
487 488
488 504
488 505
488 489
489 505
489 506
489 490
490 506
490 507
490 491
491 507
491 508
491 492
492 508
492 509
492 493
493 509
493 510
493 494
494 510
494 511
494 495
495 511
495 512
495 496
496 512
496 513
496 497
497 513
497 514
497 498
498 514
498 515
498 499
499 515
500 517
500 518
500 501
501 518
501 519
501 502
502 519
502 520
502 503
503 520
503 521
503 504
504 521
504 522
504 505
505 522
505 523
505 506
506 523
506 524
506 507
507 524
507 525
507 508
508 525
508 526
508 509
509 526
509 527
509 510
510 527
510 528
510 511
511 528
511 529
511 512
512 529
512 513
513 514
514 515
516 533
516 534
516 517
517 534
517 535
517 518
518 535
518 536
518 519
519 536
519 537
519 520
520 537
520 538
520 521
521 538
521 539
521 522
522 539
522 540
522 523
523 540
523 541
523 524
524 541
524 542
524 525
525 542
525 543
525 526
526 543
526 544
526 527
527 544
527 545
527 528
528 545
528 529
530 546
530 547
530 531
531 547
531 532
532 533
533 534
534 535
535 548
535 536
536 548
536 549
536 537
537 549
537 550
537 538
538 550
538 551
538 539
539 551
539 552
539 540
540 552
540 553
540 541
541 553
541 554
541 542
542 554
542 555
542 543
543 555
543 556
543 544
544 556
544 545
546 558
546 559
546 547
547 559
548 549
549 560
549 550
550 560
550 561
550 551
551 561
551 562
551 552
552 562
552 553
553 554
554 555
555 556
557 563
557 558
558 563
558 564
558 559
559 564
560 561
561 562
563 564
