-46.341007  -2.592322
-47.931135  -8.945418
-56.668585 -22.245436
-70.051422  -7.837406
-59.412728 -10.243492
-55.082163  -0.414490
-76.692151   9.280738
-42.262744  -3.251236
-54.021844 -12.175139
-66.588552 -27.552220
-54.689440 -26.931812
-78.629240  -6.140717
-68.813990   8.001021
-56.945923 -36.287585
-49.278591  -5.797684
-68.077869  -7.881091
-72.643302  -9.944278
-62.764777 -10.972153
-62.762971 -20.824176
-51.334369  -8.968136
-74.745100 -10.613877
-45.848926  -9.233849
-59.808300   6.994388
-61.498490  -3.790930
-52.182516   2.247311
-62.404143 -24.766779
-50.883424  -4.618700
-75.227234  -5.324387
-56.550167  -7.645540
-69.309795 -16.158475
-66.308475  -1.692489
-53.667371 -33.742845
