0.000000 0.149835
0.000000 0.016065
0.000000 0.015690
0.000000 0.019349
0.000000 0.013226
0.000000 0.020307
0.000000 0.024131
0.000000 0.018732
0.000000 0.040309
0.000000 0.028928
0.000000 0.011937
0.000000 0.016513
0.000000 0.029786
0.000000 0.011158
0.000000 0.020080
0.000000 0.016069
0.000000 0.025246
0.000000 0.029973
0.000000 0.022865
0.000000 0.015138
0.000000 0.013576
0.000000 0.021694
0.000000 0.019489
0.000000 0.032385
0.000000 0.045097
0.000000 0.029236
0.000000 0.029235
0.000000 0.014614
0.000000 0.035802
0.000000 0.028696
0.000000 0.014333
0.000000 0.024752
0.000000 0.038373
0.000000 0.021844
0.000000 0.059716
0.000000 0.028072
0.000000 0.015837
0.000000 0.016600
0.000000 0.015118
0.000000 0.018919
0.000000 0.011974
0.000000 0.018261
0.000000 0.009863
0.000000 0.012869
0.000000 0.027410
0.000000 0.019214
0.000000 0.016086
0.000000 0.012256
0.000000 0.014516
0.000000 0.017056
0.000000 0.014451
0.000000 0.043865
0.000000 0.017776
0.000000 0.023378
0.000000 0.023211
0.000000 0.013609
0.000000 0.013134
0.000000 0.016590
0.000000 0.029147
0.000000 0.034171
0.000000 0.022494
0.000000 0.017243
0.000000 0.027340
0.000000 0.019447
0.000000 0.022965
0.000000 0.019814
0.000000 0.016906
0.000000 0.026239
0.000000 0.033029
0.000000 0.014998
0.000000 0.016036
0.000000 0.026153
0.000000 0.026092
0.000000 0.033252
0.000000 0.014826
0.000000 0.042997
0.000000 0.038871
0.000000 0.013717
0.000000 0.020279
0.000000 0.032472
0.000000 0.023294
0.000000 0.026832
0.000000 0.029933
0.000000 0.026516
0.000000 0.018653
0.000000 0.023623
0.000000 0.047552
0.000000 0.019154
0.000000 0.030247
0.000000 0.033802
0.000000 0.039361
0.000000 0.039007
0.000000 0.035473
0.000000 0.043794
0.000000 0.024692
0.000000 0.014220
0.000000 0.011536
0.000000 0.039144
0.000000 0.015266
0.000000 0.020831
0.000000 0.024642
0.000000 0.026661
0.000000 0.015684
0.000000 0.023618
0.000000 0.038048
0.000000 0.022867
0.000000 0.032279
0.000000 0.027006
0.000000 0.022005
0.000000 0.017966
0.000000 0.021723
0.000000 0.020769
0.000000 0.024903
0.000000 0.019946
0.000000 0.018537
0.000000 0.034877
0.000000 0.022664
0.000000 0.039840
0.000000 0.021561
0.000000 0.016576
0.000000 0.031953
0.000000 0.018309
0.000000 0.023257
0.000000 0.020095
0.000000 0.047193
0.000000 0.019553
0.000000 0.017489
0.000000 0.018459
0.000000 0.012276
0.000000 0.013417
0.000000 0.033317
0.000000 0.020569
0.000000 0.050025
0.000000 0.025805
0.000000 0.021340
0.000000 0.034743
0.000000 0.019015
0.000000 0.061061
0.000000 0.061645
0.000000 0.046172
0.000000 0.015776
0.000000 0.035727
0.000000 0.029781
0.000000 0.032210
0.000000 0.027520
0.000000 0.027403
0.000000 0.023814
0.000000 0.019589
0.000000 0.014507
0.000000 0.024728
0.000000 0.021888
0.000000 0.023651
0.000000 0.012512
0.000000 0.018296
0.000000 0.076367
0.000000 0.022023
0.000000 0.019266
0.000000 0.017236
0.000000 0.052229
0.000000 0.014264
0.000000 0.016552
0.000000 0.024810
0.000000 0.023798
0.000000 0.020769
0.000000 0.022551
0.000000 0.036370
0.000000 0.019660
0.000000 0.021684
0.000000 0.034847
0.000000 0.025136
0.000000 0.040239
0.000000 0.016593
0.000000 0.014755
0.000000 0.017152
0.000000 0.013411
0.000000 0.026672
0.000000 0.018863
0.000000 0.027776
0.000000 0.021696
0.000000 0.026621
0.000000 0.013184
0.000000 0.016999
0.000000 0.016792
0.000000 0.024005
0.000000 0.025419
0.000000 0.023202
0.000000 0.019166
0.000000 0.016827
0.000000 0.025521
0.000000 0.022915
0.000000 0.017052
0.000000 0.050412
0.000000 0.093517
0.000000 0.029602
0.000000 0.075906
0.000000 0.023462
0.000000 0.027345
0.000000 0.025347
0.000000 0.015579
0.000000 0.017080
0.000000 0.015046
0.000000 0.027035
0.000000 0.028504
0.000000 0.019674
0.000000 0.016267
0.000000 0.020721
0.000000 0.032387
0.000000 0.020595
0.000000 0.014211
0.000000 0.017975
0.000000 0.049212
0.000000 0.049032
0.000000 0.032555
0.000000 0.014609
0.000000 0.055322
0.000000 0.028379
0.000000 0.026771
0.000000 0.032654
0.000000 0.063295
0.000000 0.042929
0.000000 0.018920
0.000000 0.029418
0.000000 0.020315
0.000000 0.027369
0.000000 0.019184
0.000000 0.012695
0.000000 0.024581
0.000000 0.020031
0.000000 0.012418
0.000000 0.021094
0.000000 0.086951
0.000000 0.019497
0.000000 0.033836
0.000000 0.021328
0.000000 0.017300
0.000000 0.032550
0.000000 0.038104
0.000000 0.021129
0.000000 0.023726
0.000000 0.032632
0.000000 0.035761
0.000000 0.029185
0.000000 0.021718
0.000000 0.018700
0.000000 0.030145
0.000000 0.024872
0.000000 0.035992
0.000000 0.018430
0.000000 0.045539
0.000000 0.016170
0.000000 0.035990
0.000000 0.023478
0.000000 0.021357
0.000000 0.041091
0.000000 0.024080
0.000000 0.027236
0.000000 0.028270
0.000000 0.023516
0.000000 0.013721
0.000000 0.014278
0.000000 0.017740
0.000000 0.026496
0.000000 0.015961
0.000000 0.028967
0.000000 0.018290
0.000000 0.017838
0.000000 0.044297
0.000000 0.032457
0.000000 0.067897
0.000000 0.018097
0.000000 0.028532
0.000000 0.027512
0.000000 0.021991
0.000000 0.016596
0.000000 0.018988
0.000000 0.032851
0.000000 0.018582
0.000000 0.033365
0.000000 0.083292
0.000000 0.048857
0.000000 0.021922
0.000000 0.023779
0.000000 0.029575
0.000000 0.015636
0.000000 0.032662
0.000000 0.029434
0.000000 0.016531
0.000000 0.043973
0.000000 0.031530
0.000000 0.024150
0.000000 0.039986
0.000000 0.016798
0.000000 0.018064
0.000000 0.014059
0.000000 0.020129
0.000000 0.014454
0.000000 0.016169
0.000000 0.021701
0.000000 0.018437
0.000000 0.014680
0.000000 0.018544
0.000000 0.033185
0.000000 0.020269
0.000000 0.023269
0.000000 0.008414
0.000000 0.023657
0.000000 0.048162
0.000000 0.039866
0.000000 0.029210
0.000000 0.023028
0.000000 0.043639
0.000000 0.029102
0.000000 0.021515
0.000000 0.020670
0.000000 0.018207
0.000000 0.016131
0.000000 0.012044
0.000000 0.027979
0.000000 0.034349
0.000000 0.031494
0.000000 0.036600
0.000000 0.023850
0.000000 0.014257
0.000000 0.017905
0.000000 0.043439
0.000000 0.035849
0.000000 0.048826
0.000000 0.016609
0.000000 0.040053
0.000000 0.021784
0.000000 0.013306
0.000000 0.022589
0.000000 0.014962
0.000000 0.017217
0.000000 0.021740
0.000000 0.036024
0.000000 0.014328
0.000000 0.055984
0.000000 0.017799
0.000000 0.020814
0.000000 0.022473
0.000000 0.035350
0.000000 0.022313
0.000000 0.033289
0.000000 0.020055
0.000000 0.021881
0.000000 0.046603
0.000000 0.021089
0.000000 0.027703
0.000000 0.024206
0.000000 0.031188
0.000000 0.029496
0.000000 0.026026
0.000000 0.026798
0.000000 0.038473
0.000000 0.048637
0.000000 0.034018
0.000000 0.037683
0.000000 0.032638
0.000000 0.037547
0.000000 0.019841
0.000000 0.016203
0.000000 0.014757
0.000000 0.022961
0.000000 0.017279
0.000000 0.043252
0.000000 0.040280
0.000000 0.027164
0.000000 0.039818
0.000000 0.027620
0.000000 0.024150
0.000000 0.020244
0.000000 0.036193
0.000000 0.026264
0.000000 0.020157
0.000000 0.042147
0.000000 0.020538
0.000000 0.049318
0.000000 0.044747
0.000000 0.033780
0.000000 0.015205
0.000000 0.017022
0.000000 0.021577
0.000000 0.023669
0.000000 0.020006
0.000000 0.019527
0.000000 0.025200
0.000000 0.130596
0.000000 0.019459
0.000000 0.029169
0.000000 0.028992
0.000000 0.013521
0.000000 0.021962
0.000000 0.019624
0.000000 0.020397
0.000000 0.014390
0.000000 0.027332
0.000000 0.019317
0.000000 0.020119
0.000000 0.052814
0.000000 0.016204
0.000000 0.015097
0.000000 0.028166
0.000000 0.025818
0.000000 0.034078
0.000000 0.020344
0.000000 0.022056
0.000000 0.015331
0.000000 0.009525
0.000000 0.024458
0.000000 0.017022
0.000000 0.027612
0.000000 0.011031
0.000000 0.017301
0.000000 0.053022
0.000000 0.018013
0.000000 0.012222
0.000000 0.012504
0.000000 0.016238
0.000000 0.020080
0.000000 0.019441
0.000000 0.020162
0.000000 0.028340
0.000000 0.022750
0.000000 0.022913
0.000000 0.021003
0.000000 0.016317
0.000000 0.015413
0.000000 0.024597
0.000000 0.039764
0.000000 0.025723
0.000000 0.017907
0.000000 0.014243
0.000000 0.014771
0.000000 0.017606
0.000000 0.013826
0.000000 0.023494
0.000000 0.014910
0.000000 0.021857
0.000000 0.041462
0.000000 0.018421
0.000000 0.015969
0.000000 0.019572
0.000000 0.009396
0.000000 0.019036
0.000000 0.015740
0.000000 0.022697
0.000000 0.020712
0.000000 0.036434
0.000000 0.019502
0.000000 0.025760
0.000000 0.040852
0.000000 0.016710
0.000000 0.032577
0.000000 0.037978
0.000000 0.024962
0.000000 0.020438
0.000000 0.030983
0.000000 0.011685
0.000000 0.007688
0.000000 0.045040
0.000000 0.028180
0.000000 0.018501
0.000000 0.039043
0.000000 0.010766
0.000000 0.017187
0.000000 0.023884
0.000000 0.035255
0.000000 0.048752
0.000000 0.018159
0.000000 0.023971
0.000000 0.034933
0.000000 0.016074
0.000000 0.023613
0.000000 0.047240
0.000000 0.024285
0.000000 0.015819
0.000000 0.020005
0.000000 0.025038
0.000000 0.024194
0.000000 0.009536
0.000000 0.017621
0.000000 0.018983
0.000000 0.014474
0.000000 0.027747
0.000000 0.030985
0.000000 0.017242
0.000000 0.038190
0.000000 0.031221
0.000000 0.015192
0.000000 0.018581
0.000000 0.036240
0.000000 0.013124
0.000000 0.020005
0.000000 0.031742
0.000000 0.022450
0.000000 0.025889
0.000000 0.037363
0.000000 0.037823
0.000000 0.015125
0.000000 0.031609
0.000000 0.029419
0.000000 0.014535
0.000000 0.055433
0.000000 0.022746
0.000000 0.017920
0.000000 0.021973
0.000000 0.014682
0.000000 0.022163
0.000000 0.012029
0.000000 0.015350
0.000000 0.039502
0.000000 0.021130
0.000000 0.020215
0.000000 0.012500
0.000000 0.043274
0.000000 0.021704
0.000000 0.028292
0.000000 0.018301
0.000000 0.039063
0.000000 0.019359
0.000000 0.014078
0.000000 0.012540
0.000000 0.023095
0.000000 0.030664
0.000000 0.107831
0.000000 0.043163
0.000000 0.047035
0.000000 0.025358
0.000000 0.023304
0.000000 0.048372
0.000000 0.026696
0.000000 0.018717
0.000000 0.028166
0.000000 0.038434
0.000000 0.022191
0.000000 0.025724
0.000000 0.016283
0.000000 0.050838
0.000000 0.023983
0.000000 0.038669
0.000000 0.044173
0.000000 0.039773
0.000000 0.038406
0.000000 0.029697
0.000000 0.019550
0.000000 0.041482
0.000000 0.022157
0.000000 0.029853
0.000000 0.040531
0.000000 0.079215
0.000000 0.035226
0.000000 0.043032
0.000000 0.062927
0.000000 0.035145
0.000000 0.028581
0.000000 0.024326
0.000000 0.032577
0.000000 0.039294
0.000000 0.084585
0.000000 0.062211
0.000000 0.139344
0.000000 0.026664
0.000000 0.024389
0.000000 0.046536
0.000000 0.047445
0.000000 0.039460
0.000000 0.031810
0.000000 0.040962
0.000000 0.018552
0.000000 0.015275
0.000000 0.025027
0.000000 0.025095
0.000000 0.039296
0.000000 0.025447
0.000000 0.032195
0.000000 0.027046
0.000000 0.037598
0.000000 0.035014
0.000000 0.029161
0.000000 0.017067
0.000000 0.017593
0.000000 0.022393
0.000000 0.019413
0.000000 0.040525
0.000000 0.044492
0.000000 0.028659
0.000000 0.020048
0.000000 0.013077
0.000000 0.017863
0.000000 0.033286
0.000000 0.088199
0.000000 0.031998
0.000000 0.031214
0.000000 0.028528
0.000000 0.029528
0.000000 0.023156
0.000000 0.022275
0.000000 0.025369
0.000000 0.022564
0.000000 0.020974
0.000000 0.046679
0.000000 0.019215
0.000000 0.021613
0.000000 0.056812
0.000000 0.036107
0.000000 0.034511
0.000000 0.020544
0.000000 0.014947
0.000000 0.016854
0.000000 0.045176
0.000000 0.027652
0.000000 0.025078
0.000000 0.029421
0.000000 0.036848
0.000000 0.058485
0.000000 0.021826
0.000000 0.014812
0.000000 0.032423
0.000000 0.029277
0.000000 0.040457
0.000000 0.023446
0.000000 0.016909
0.000000 0.036397
0.000000 0.051378
0.000000 0.039119
0.000000 0.057339
0.000000 0.032163
0.000000 0.032213
0.000000 0.039167
0.000000 0.034534
0.000000 0.038933
0.000000 0.022719
0.000000 0.017855
0.000000 0.020380
0.000000 0.024530
0.000000 0.019273
0.000000 0.037846
0.000000 0.018990
0.000000 0.043413
0.000000 0.022652
0.000000 0.025248
0.000000 0.028711
0.000000 0.020107
0.000000 0.021222
0.000000 0.011879
0.000000 0.021955
0.000000 0.032072
0.000000 0.059685
0.000000 0.029695
0.000000 0.058932
0.000000 0.025474
0.000000 0.024952
0.000000 0.022039
0.000000 0.016541
0.000000 0.020429
0.000000 0.021731
0.000000 0.015439
0.000000 0.042792
0.000000 0.025164
0.000000 0.013096
0.000000 0.029550
0.000000 0.013711
0.000000 0.011250
0.000000 0.022849
0.000000 0.014903
0.000000 0.015182
0.000000 0.029385
0.000000 0.024247
0.000000 0.031815
0.000000 0.013363
0.000000 0.025437
0.000000 0.019303
0.000000 0.026010
0.000000 0.019453
0.000000 0.013966
0.000000 0.023656
0.000000 0.035801
0.000000 0.042089
0.000000 0.032514
0.000000 0.018740
0.000000 0.028463
0.000000 0.024805
0.000000 0.024365
0.000000 0.034466
0.000000 0.093864
0.000000 0.021085
0.000000 0.024302
0.000000 0.021283
0.000000 0.042258
0.000000 0.035247
0.000000 0.015132
0.000000 0.015668
0.000000 0.014319
0.000000 0.023781
0.000000 0.013134
0.000000 0.027647
0.000000 0.026579
0.000000 0.015790
0.000000 0.019103
0.000000 0.028693
0.000000 0.025506
0.000000 0.015878
0.000000 0.018514
0.000000 0.022986
0.000000 0.025589
0.000000 0.023390
0.000000 0.030744
0.000000 0.031764
0.000000 0.039984
0.000000 0.022453
0.000000 0.019028
0.000000 0.021995
0.000000 0.028232
0.000000 0.027807
0.000000 0.030367
0.000000 0.070639
0.000000 0.020500
0.000000 0.033366
0.000000 0.024833
0.000000 0.062825
0.000000 0.039868
0.000000 0.041888
0.000000 0.030781
0.000000 0.014661
0.000000 0.029274
0.000000 0.021034
0.000000 0.036399
0.000000 0.037687
0.000000 0.012875
0.000000 0.023243
0.000000 0.018206
0.000000 0.020721
0.000000 0.025711
0.000000 0.022934
0.000000 0.021557
0.000000 0.018858
0.000000 0.025337
0.000000 0.025041
0.000000 0.024336
0.000000 0.045971
0.000000 0.044734
0.000000 0.028637
0.000000 0.016325
0.000000 0.026651
0.000000 0.196914
0.000000 0.025639
0.000000 0.048991
0.000000 0.026954
0.000000 0.014466
0.000000 0.011253
0.000000 0.029215
0.000000 0.016915
0.000000 0.014537
0.000000 0.022151
0.000000 0.040045
0.000000 0.019919
0.000000 0.052149
0.000000 0.076640
0.000000 0.037446
0.000000 0.016835
0.000000 0.034504
0.000000 0.026786
0.000000 0.042469
0.000000 0.035285
0.000000 0.064001
0.000000 0.030975
0.000000 0.056346
0.000000 0.019199
0.000000 0.018044
0.000000 0.014345
0.000000 0.016849
0.000000 0.026807
0.000000 0.017436
0.000000 0.033752
0.000000 0.039504
0.000000 0.027901
0.000000 0.038513
0.000000 0.030484
0.000000 0.035881
0.000000 0.048701
0.000000 0.027381
0.000000 0.017560
0.000000 0.020034
0.000000 0.015689
0.000000 0.013398
0.000000 0.030625
0.000000 0.034373
0.000000 0.035108
0.000000 0.020150
0.000000 0.023132
0.000000 0.018906
0.000000 0.020919
0.000000 0.032415
0.000000 0.023321
0.000000 0.028835
0.000000 0.019307
0.000000 0.017374
0.000000 0.023886
0.000000 0.031004
0.000000 0.036888
0.000000 0.019456
0.000000 0.043373
0.000000 0.030289
0.000000 0.042365
0.000000 0.028840
0.000000 0.023820
0.000000 0.038193
0.000000 0.023292
0.000000 0.024933
0.000000 0.037151
0.000000 0.034567
0.000000 0.028463
0.000000 0.024453
0.000000 0.085518
0.000000 0.014439
0.000000 0.023154
0.000000 0.027183
0.000000 0.015927
0.000000 0.026061
0.000000 0.077931
0.000000 0.024812
0.000000 0.018828
0.000000 0.040664
0.000000 0.020545
0.000000 0.024242
0.000000 0.012229
0.000000 0.023952
0.000000 0.025264
0.000000 0.024288
0.000000 0.025571
0.000000 0.017825
0.000000 0.022182
0.000000 0.018755
0.000000 0.020717
0.000000 0.025230
0.000000 0.031229
0.000000 0.017310
0.000000 0.017195
0.000000 0.025010
0.000000 0.017355
0.000000 0.012350
0.000000 0.025010
0.000000 0.030413
0.000000 0.020525
0.000000 0.047387
0.000000 0.034377
0.000000 0.027002
0.000000 0.021463
0.000000 0.029722
0.000000 0.020213
0.000000 0.023563
0.000000 0.021892
0.000000 0.022643
0.000000 0.029291
0.000000 0.034758
0.000000 0.055427
0.000000 0.033025
0.000000 0.025391
0.000000 0.018450
0.000000 0.021941
0.000000 0.034381
0.000000 0.017315
0.000000 0.022993
0.000000 0.028519
0.000000 0.029983
0.000000 0.018871
0.000000 0.035639
0.000000 0.022199
0.000000 0.027246
0.000000 0.047590
0.000000 0.022856
0.000000 0.016212
0.000000 0.033196
0.000000 0.015714
0.000000 0.021846
0.000000 0.020526
0.000000 0.029668
0.000000 0.018388
0.000000 0.023340
0.000000 0.063809
0.000000 0.016797
0.000000 0.043049
0.000000 0.027071
0.000000 0.028539
0.000000 0.021639
0.000000 0.027835
0.000000 0.015189
0.000000 0.022483
0.000000 0.019519
0.000000 0.022296
0.000000 0.017255
0.000000 0.023502
0.000000 0.013943
0.000000 0.024807
0.000000 0.039472
0.000000 0.022868
0.000000 0.012714
0.000000 0.013287
0.000000 0.024894
0.000000 0.017725
0.000000 0.047161
0.000000 0.026120
0.000000 0.059344
0.000000 0.019511
0.000000 0.027794
0.000000 0.014173
0.000000 0.014141
0.000000 0.037193
0.000000 0.024214
0.000000 0.014159
0.000000 0.011342
0.000000 0.023591
0.000000 0.041210
0.000000 0.026668
0.000000 0.034073
0.000000 0.019240
0.000000 0.020830
0.000000 0.018492
0.000000 0.030570
0.000000 0.030769
0.000000 0.025608
0.000000 0.052097
0.000000 0.022032
0.000000 0.027598
0.000000 0.031989
0.000000 0.039070
0.000000 0.032597
0.000000 0.047013
0.000000 0.020425
0.000000 0.032121
0.000000 0.043430
0.000000 0.049330
0.000000 0.025619
0.000000 0.012145
0.000000 0.028689
0.000000 0.022449
0.000000 0.106311
0.000000 0.026974
0.000000 0.027065
0.000000 0.097139
0.000000 0.026978
0.000000 0.020522
0.000000 0.059395
0.000000 0.023591
0.000000 0.012291
0.000000 0.069268
0.000000 0.039444
0.000000 0.024066
0.000000 0.039517
0.000000 0.060375
0.000000 0.040221
0.000000 0.038071
0.000000 0.061469
0.000000 0.064775
0.000000 0.037756
0.000000 0.029203
0.000000 0.027099
0.000000 0.044394
0.000000 0.021936
0.000000 0.020559
0.000000 0.021808
0.000000 0.032487
0.000000 0.029532
0.000000 0.022924
0.000000 0.038326
0.000000 0.018905
0.000000 0.020974
0.000000 0.020201
0.000000 0.077282
0.000000 0.040797
0.000000 0.025117
0.000000 0.017267
0.000000 0.040668
0.000000 0.038321
0.000000 0.027630
0.000000 0.027465
0.000000 0.029194
0.000000 0.031604
0.000000 0.021286
0.000000 0.027059
0.000000 0.032434
0.000000 0.040492
0.000000 0.015291
0.000000 0.030824
0.000000 0.065132
0.000000 0.020083
0.000000 0.031099
0.000000 0.042568
0.000000 0.092013
0.000000 0.046317
0.000000 0.026085
0.000000 0.028002
0.000000 0.038354
0.000000 0.048598
0.000000 0.021565
0.000000 0.037606
0.000000 0.026816
0.000000 0.021708
0.000000 0.026890
0.000000 0.025716
0.000000 0.034477
0.000000 0.065700
0.000000 0.025021
0.000000 0.020418
0.000000 0.025118
0.000000 0.024434
0.000000 0.021445
0.000000 0.029583
0.000000 0.020256
0.000000 0.025700
0.000000 0.023734
0.000000 0.024479
0.000000 0.014084
0.000000 0.029641
0.000000 0.026848
0.000000 0.021025
0.000000 0.019432
0.000000 0.029173
0.000000 0.027649
0.000000 0.047005
0.000000 0.022284
0.000000 0.027379
0.000000 0.020379
0.000000 0.037509
0.000000 0.025126
0.000000 0.064269
0.000000 0.035468
0.000000 0.034076
0.000000 0.031774
0.000000 0.032867
0.000000 0.061986
0.000000 0.021392
0.000000 0.043587
0.000000 0.154686
0.000000 0.036644
0.000000 0.059609
0.000000 0.029354
0.000000 0.017930
0.000000 0.032570
0.000000 0.020267
0.000000 0.023041
0.000000 0.053028
0.000000 0.020614
0.000000 0.014922
0.000000 0.013363
0.000000 0.076807
0.000000 0.015732
0.000000 0.018626
0.000000 0.024472
0.000000 0.034622
0.000000 0.041745
0.000000 0.049663
0.000000 0.023455
0.000000 0.020544
0.000000 0.043001
0.000000 0.028063
0.000000 0.015251
0.000000 0.022922
0.000000 0.021593
0.000000 0.017103
0.000000 0.023645
0.000000 0.018415
0.000000 0.040565
0.000000 0.017698
0.000000 0.026855
0.000000 0.013099
0.000000 0.048829
0.000000 0.030548
0.000000 0.026325
0.000000 0.021614
0.000000 0.034316
0.000000 0.038116
0.000000 0.021950
0.000000 0.033675
0.000000 0.021145
0.000000 0.018252
0.000000 0.024748
0.000000 0.017545
0.000000 0.024244
0.000000 0.034084
0.000000 0.015990
0.000000 0.017094
0.000000 0.041342
0.000000 0.020918
0.000000 0.016421
0.000000 0.042770
0.000000 0.027645
0.000000 0.030121
0.000000 0.018626
0.000000 0.022714
0.000000 0.013747
0.000000 0.031508
0.000000 0.016820
0.000000 0.044580
0.000000 0.018962
0.000000 0.014649
0.000000 0.017004
0.000000 0.028152
0.000000 0.033307
0.000000 0.020188
0.000000 0.026343
0.000000 0.022646
0.000000 0.013636
0.000000 0.027373
0.000000 0.026192
0.000000 0.034905
0.000000 0.030492
0.000000 0.023336
0.000000 0.045922
0.000000 0.062141
0.000000 0.062981
0.000000 0.041381
0.000000 0.030551
0.000000 0.052739
0.000000 0.031030
0.000000 0.051846
0.000000 0.044970
0.000000 0.026710
0.000000 0.016960
0.000000 0.043751
0.000000 0.019259
0.000000 0.024041
0.000000 0.037158
0.000000 0.014928
0.000000 0.060748
0.000000 0.026051
0.000000 0.020857
0.000000 0.017824
0.000000 0.018548
0.000000 0.017978
0.000000 0.020194
0.000000 0.029247
0.000000 0.018543
0.000000 0.031646
0.000000 0.038077
0.000000 0.021639
0.000000 0.027502
0.000000 0.020812
0.000000 0.017297
0.000000 0.031141
0.000000 0.045803
0.000000 0.029222
0.000000 0.018523
0.000000 0.027748
0.000000 0.037090
0.000000 0.025771
0.000000 0.033149
0.000000 0.017141
0.000000 0.048153
0.000000 0.031895
0.000000 0.022367
0.000000 0.028485
0.000000 0.019684
0.000000 0.032832
0.000000 0.042702
0.000000 0.034787
0.000000 0.019969
0.000000 0.019877
0.000000 0.024950
0.000000 0.030029
0.000000 0.072770
0.000000 0.017887
0.000000 0.033101
0.000000 0.024600
0.000000 0.035398
0.000000 0.107163
0.000000 0.031026
0.000000 0.028725
0.000000 0.034358
0.000000 0.018922
0.000000 0.068279
0.000000 0.033504
0.000000 0.020329
0.000000 0.081565
0.000000 0.019307
0.000000 0.037210
0.000000 0.031211
0.000000 0.028700
0.000000 0.038354
0.000000 0.029661
0.000000 0.031156
0.000000 0.038726
0.000000 0.041995
0.000000 0.045930
0.000000 0.026926
0.000000 0.022410
0.000000 0.027485
0.000000 0.053541
0.000000 0.033467
0.000000 0.034306
0.000000 0.049440
0.000000 0.033671
0.000000 0.034034
0.000000 0.035589
0.000000 0.029731
0.000000 0.029412
0.000000 0.067071
0.000000 0.059150
0.000000 0.035599
0.000000 0.040487
0.000000 0.056380
0.000000 0.077213
0.000000 0.028288
0.000000 0.031379
0.000000 0.049141
0.000000 0.051476
0.000000 0.049069
0.000000 0.046205
0.000000 0.070452
0.000000 0.032259
0.000000 0.051796
0.000000 0.027024
0.000000 0.045025
0.000000 0.024972
0.000000 0.032924
0.000000 0.140959
0.000000 0.037774
0.000000 0.042834
0.000000 0.067756
0.000000 0.036254
0.000000 0.046813
0.000000 0.023688
0.000000 0.167552
0.000000 0.038694
0.000000 0.036529
0.000000 0.057756
0.000000 0.095419
0.000000 0.056148
0.000000 0.076369
0.000000 0.062492
0.000000 0.075294
0.000000 0.063700
0.000000 0.031160
0.000000 0.111282
0.000000 0.043062
0.000000 0.042217
0.000000 0.037845
0.000000 0.125207
0.000000 0.026931
0.000000 0.061191
0.000000 0.033851
0.000000 0.047661
0.000000 0.041312
0.000000 0.087522
0.000000 0.038188
0.000000 0.057461
0.000000 0.046020
0.000000 0.030003
0.000000 0.037564
0.000000 0.027142
0.000000 0.035193
0.000000 0.039066
0.000000 0.081022
0.000000 0.022376
0.000000 0.037865
0.000000 0.070886
0.000000 0.035702
0.000000 0.053837
0.000000 0.050346
0.000000 0.034380
0.000000 0.122466
0.000000 0.040350
0.000000 0.112654
0.000000 0.047719
0.000000 0.045004
0.000000 0.111591
0.000000 0.056736
0.000000 0.029186
0.000000 0.027190
0.000000 0.046643
0.000000 0.042510
0.000000 0.018529
0.000000 0.079831
0.000000 0.037219
0.000000 0.052141
0.000000 0.145110
0.000000 0.055167
0.000000 0.128676
0.000000 0.052472
0.000000 0.048463
0.000000 0.046178
0.000000 0.273077
0.000000 0.035868
0.000000 0.063579
0.000000 0.066487
0.000000 0.073339
0.000000 0.051992
0.000000 0.037792
0.000000 0.069120
0.000000 0.057371
0.000000 0.027520
0.000000 0.025535
0.000000 0.026619
0.000000 0.032691
0.000000 0.049797
0.000000 0.118520
0.000000 0.123167
0.000000 0.044954
0.000000 0.040235
0.000000 0.040029
0.000000 0.066482
0.000000 0.025910
0.000000 0.044937
0.000000 0.057926
0.000000 0.039308
0.000000 0.019349
0.000000 0.037422
0.000000 0.060947
0.000000 0.034151
0.000000 0.088840
0.000000 0.034841
0.000000 0.036939
0.000000 0.028375
0.000000 0.052266
0.000000 0.116679
0.000000 0.058171
0.000000 0.039949
0.000000 0.049300
0.000000 0.045287
0.000000 0.085360
0.000000 0.050911
0.000000 0.225723
0.000000 0.035070
0.000000 0.049232
0.000000 0.023801
0.000000 0.046370
0.000000 0.030965
0.000000 0.029766
0.000000 0.045573
0.000000 0.038150
0.000000 0.032528
0.000000 0.064382
0.000000 0.020147
0.000000 0.027395
0.000000 0.043703
0.000000 0.022734
0.000000 0.038177
0.000000 0.021701
0.000000 0.022263
0.000000 0.044148
0.000000 0.055712
0.000000 0.021824
0.000000 0.020723
0.000000 0.024314
0.000000 0.022913
0.000000 0.047260
0.000000 0.027652
0.000000 0.045557
0.000000 0.022802
0.000000 0.024444
0.000000 0.018420
0.000000 0.018536
0.000000 0.016098
0.000000 0.056579
0.000000 0.024623
0.000000 0.035564
0.000000 0.030321
0.000000 0.024937
0.000000 0.022273
0.000000 0.022722
0.000000 0.025478
0.000000 0.015727
0.000000 0.028304
0.000000 0.032352
0.000000 0.031344
0.000000 0.025383
0.000000 0.140138
0.000000 0.027650
0.000000 0.030657
0.000000 0.049006
0.000000 0.031003
0.000000 0.025703
0.000000 0.056755
0.000000 0.016524
0.000000 0.019237
0.000000 0.030213
0.000000 0.027496
0.000000 0.018506
0.000000 0.025615
0.000000 0.031007
0.000000 0.052548
0.000000 0.024679
0.000000 0.025348
0.000000 0.024309
0.000000 0.030899
0.000000 0.019059
0.000000 0.037301
0.000000 0.029411
0.000000 0.029266
0.000000 0.021667
0.000000 0.025136
0.000000 0.041806
0.000000 0.033731
0.000000 0.020699
0.000000 0.013521
0.000000 0.024180
0.000000 0.040845
0.000000 0.033287
0.000000 0.012819
0.000000 0.014875
0.000000 0.033784
0.000000 0.030213
0.000000 0.040247
0.000000 0.021160
0.000000 0.018906
0.000000 0.012393
0.000000 0.023271
0.000000 0.022249
0.000000 0.018310
0.000000 0.035463
0.000000 0.027262
0.000000 0.060267
0.000000 0.023171
0.000000 0.016023
0.000000 0.043716
0.000000 0.014755
0.000000 0.023728
0.000000 0.022534
0.000000 0.029322
0.000000 0.032501
0.000000 0.075583
0.000000 0.018350
0.000000 0.017413
0.000000 0.013177
0.000000 0.017686
0.000000 0.060630
0.000000 0.017703
0.000000 0.037323
0.000000 0.020545
0.000000 0.023421
0.000000 0.032303
0.000000 0.038500
0.000000 0.021895
0.000000 0.075547
0.000000 0.034372
0.000000 0.019656
0.000000 0.037761
0.000000 0.019654
0.000000 0.034510
0.000000 0.029564
0.000000 0.025830
0.000000 0.023804
0.000000 0.124218
0.000000 0.014893
0.000000 0.019543
0.000000 0.015981
0.000000 0.025494
0.000000 0.029544
0.000000 0.101926
0.000000 0.019119
0.000000 0.043936
0.000000 0.018525
0.000000 0.038921
0.000000 0.024116
0.000000 0.047036
0.000000 0.018280
0.000000 0.037981
0.000000 0.045982
0.000000 0.055223
0.000000 0.019201
0.000000 0.014733
0.000000 0.018579
0.000000 0.027445
0.000000 0.015842
0.000000 0.015133
0.000000 0.022348
0.000000 0.022716
0.000000 0.021864
0.000000 0.044618
0.000000 0.017489
0.000000 0.020501
0.000000 0.026654
0.000000 0.023499
0.000000 0.021459
0.000000 0.025023
0.000000 0.035491
0.000000 0.094226
0.000000 0.018414
0.000000 0.015647
0.000000 0.025401
0.000000 0.019691
0.000000 0.022791
0.000000 0.020617
0.000000 0.033411
0.000000 0.026377
0.000000 0.034977
0.000000 0.029921
0.000000 0.033177
0.000000 0.026949
0.000000 0.028485
0.000000 0.016225
0.000000 0.014644
0.000000 0.011897
0.000000 0.012399
0.000000 0.027781
0.000000 0.028704
0.000000 0.018789
0.000000 0.028899
0.000000 0.030105
0.000000 0.015699
0.000000 0.028380
0.000000 0.020102
0.000000 0.026906
0.000000 0.025489
0.000000 0.012490
0.000000 0.020289
0.000000 0.027942
0.000000 0.038237
0.000000 0.044584
0.000000 0.033638
0.000000 0.015223
0.000000 0.023622
0.000000 0.021783
0.000000 0.018347
0.000000 0.019280
0.000000 0.030037
0.000000 0.014901
0.000000 0.019556
0.000000 0.022411
0.000000 0.017871
0.000000 0.018096
0.000000 0.025489
0.000000 0.042862
0.000000 0.018546
0.000000 0.027349
0.000000 0.022256
0.000000 0.016759
0.000000 0.016666
0.000000 0.033886
0.000000 0.033060
0.000000 0.018251
0.000000 0.014900
0.000000 0.017625
0.000000 0.015962
0.000000 0.014733
0.000000 0.016065
0.000000 0.021232
0.000000 0.019517
0.000000 0.014905
0.000000 0.014710
0.000000 0.019318
0.000000 0.029801
0.000000 0.023815
0.000000 0.017301
0.000000 0.038929
0.000000 0.050439
0.000000 0.047202
0.000000 0.020902
0.000000 0.013525
0.000000 0.010722
0.000000 0.011226
0.000000 0.027563
0.000000 0.023252
0.000000 0.021183
0.000000 0.022602
0.000000 0.081007
0.000000 0.022901
0.000000 0.018987
0.000000 0.032731
0.000000 0.022086
0.000000 0.030740
0.000000 0.046291
0.000000 0.030341
0.000000 0.028203
0.000000 0.026833
0.000000 0.013899
0.000000 0.030665
0.000000 0.072339
0.000000 0.018339
0.000000 0.012405
0.000000 0.034155
0.000000 0.019670
0.000000 0.015310
0.000000 0.019606
0.000000 0.018662
0.000000 0.022314
0.000000 0.015763
0.000000 0.015813
0.000000 0.056424
0.000000 0.029125
0.000000 0.014783
0.000000 0.033421
0.000000 0.027224
0.000000 0.021623
0.000000 0.038298
0.000000 0.022881
0.000000 0.034933
0.000000 0.019485
0.000000 0.010662
0.000000 0.017963
0.000000 0.018084
0.000000 0.047225
0.000000 0.021810
0.000000 0.023681
0.000000 0.021631
0.000000 0.014593
0.000000 0.021354
0.000000 0.018738
0.000000 0.055558
0.000000 0.020400
0.000000 0.027246
0.000000 0.063772
0.000000 0.033829
0.000000 0.059484
0.000000 0.015695
0.000000 0.022323
0.000000 0.014693
0.000000 0.028455
0.000000 0.030816
0.000000 0.015605
0.000000 0.032493
0.000000 0.025176
0.000000 0.014669
0.000000 0.034388
0.000000 0.017281
0.000000 0.051327
0.000000 0.022173
0.000000 0.018617
0.000000 0.019129
0.000000 0.039507
0.000000 0.041248
0.000000 0.015109
0.000000 0.057407
0.000000 0.025818
0.000000 0.021858
0.000000 0.023662
0.000000 0.020236
0.000000 0.042539
0.000000 0.021381
0.000000 0.021677
0.000000 0.039855
0.000000 0.016952
0.000000 0.021237
0.000000 0.023117
0.000000 0.018834
0.000000 0.020646
0.000000 0.021572
0.000000 0.036096
0.000000 0.018742
0.000000 0.027474
0.000000 0.074539
0.000000 0.026797
0.000000 0.035570
0.000000 0.056538
0.000000 0.034195
0.000000 0.027135
0.000000 0.130858
0.000000 0.037353
0.000000 0.019717
0.000000 0.045127
0.000000 0.147931
0.000000 0.030747
0.000000 0.018035
0.000000 0.045926
0.000000 0.024791
0.000000 0.028586
0.000000 0.015217
0.000000 0.035350
0.000000 0.035302
0.000000 0.024823
0.000000 0.028418
0.000000 0.079675
0.000000 0.097087
0.000000 0.035297
0.000000 0.029446
0.000000 0.052862
0.000000 0.026994
0.000000 0.021970
0.000000 0.068971
0.000000 0.027084
0.000000 0.111065
0.000000 0.044228
0.000000 0.042349
0.000000 0.051191
0.000000 0.022964
0.000000 0.023953
0.000000 0.028377
0.000000 0.046579
0.000000 0.030421
0.000000 0.042791
0.000000 0.024819
0.000000 0.032333
0.000000 0.023319
0.000000 0.031585
0.000000 0.057990
0.000000 0.056843
0.000000 0.064704
0.000000 0.026348
0.000000 0.031908
0.000000 0.050657
0.000000 0.026639
0.000000 0.033047
0.000000 0.027119
0.000000 0.097953
0.000000 0.048481
0.000000 0.023826
0.000000 0.064815
0.000000 0.025323
0.000000 0.056394
0.000000 0.021132
0.000000 0.038595
0.000000 0.030577
0.000000 0.023542
0.000000 0.024045
0.000000 0.022372
0.000000 0.037196
0.000000 0.020245
0.000000 0.014705
0.000000 0.031388
0.000000 0.017451
0.000000 0.019994
0.000000 0.107651
0.000000 0.033614
0.000000 0.029726
0.000000 0.025095
0.000000 0.059448
0.000000 0.043705
0.000000 0.030477
0.000000 0.035680
0.000000 0.014535
0.000000 0.019692
0.000000 0.023350
0.000000 0.058274
0.000000 0.022152
0.000000 0.018909
0.000000 0.024041
0.000000 0.023564
0.000000 0.071895
0.000000 0.067046
0.000000 0.043874
0.000000 0.019499
0.000000 0.025662
0.000000 0.033648
0.000000 0.022454
0.000000 0.023546
0.000000 0.016475
0.000000 0.027889
0.000000 0.067132
0.000000 0.019845
0.000000 0.062054
0.000000 0.017909
0.000000 0.043863
0.000000 0.027365
0.000000 0.013546
0.000000 0.015867
0.000000 0.024654
0.000000 0.026588
0.000000 0.030759
0.000000 0.018087
0.000000 0.048299
0.000000 0.018412
0.000000 0.037889
0.000000 0.022036
0.000000 0.035276
0.000000 0.013988
0.000000 0.013907
0.000000 0.026289
0.000000 0.027269
0.000000 0.022795
0.000000 0.021346
0.000000 0.014840
0.000000 0.021231
0.000000 0.070884
0.000000 0.018249
0.000000 0.019265
0.000000 0.019661
0.000000 0.039617
0.000000 0.018167
0.000000 0.022753
0.000000 0.014127
0.000000 0.020728
0.000000 0.017636
0.000000 0.029087
0.000000 0.016560
0.000000 0.025444
0.000000 0.019718
0.000000 0.017404
0.000000 0.021447
0.000000 0.022170
0.000000 0.036552
0.000000 0.046189
0.000000 0.022658
0.000000 0.017588
0.000000 0.024825
0.000000 0.021817
0.000000 0.021854
0.000000 0.017680
0.000000 0.020452
0.000000 0.030716
0.000000 0.026077
0.000000 0.027124
0.000000 0.031376
0.000000 0.018223
0.000000 0.030955
0.000000 0.042679
0.000000 0.024800
0.000000 0.020043
0.000000 0.028741
0.000000 0.011705
0.000000 0.012067
0.000000 0.022454
0.000000 0.024445
0.000000 0.017404
0.000000 0.029568
0.000000 0.015301
0.000000 0.020890
0.000000 0.025518
0.000000 0.028071
0.000000 0.025594
0.000000 0.036647
0.000000 0.030576
0.000000 0.025493
0.000000 0.033015
0.000000 0.018865
0.000000 0.031075
0.000000 0.011912
0.000000 0.024882
0.000000 0.027208
0.000000 0.017268
0.000000 0.021505
0.000000 0.031836
0.000000 0.009943
0.000000 0.019478
0.000000 0.014323
0.000000 0.016574
0.000000 0.026558
0.000000 0.019628
0.000000 0.049121
0.000000 0.018747
0.000000 0.018222
0.000000 0.020026
0.000000 0.015333
0.000000 0.040148
0.000000 0.021669
0.000000 0.026442
0.000000 0.030340
0.000000 0.020692
0.000000 0.036856
0.000000 0.047044
0.000000 0.028961
0.000000 0.031411
0.000000 0.023039
0.000000 0.045588
0.000000 0.016234
0.000000 0.022463
0.000000 0.042686
0.000000 0.025723
0.000000 0.021848
0.000000 0.013520
0.000000 0.041340
0.000000 0.026558
0.000000 0.032606
0.000000 0.022857
0.000000 0.021517
0.000000 0.049402
0.000000 0.046589
0.000000 0.013801
0.000000 0.014888
0.000000 0.015859
0.000000 0.036270
0.000000 0.023681
0.000000 0.025867
0.000000 0.013965
0.000000 0.025053
0.000000 0.018166
0.000000 0.031635
0.000000 0.062335
0.000000 0.019604
0.000000 0.040201
0.000000 0.015104
0.000000 0.031381
0.000000 0.027381
0.000000 0.014943
0.000000 0.029156
0.000000 0.034307
0.000000 0.022688
0.000000 0.020928
0.000000 0.011492
0.000000 0.020453
0.000000 0.030056
0.000000 0.025318
0.000000 0.032376
0.000000 0.028239
0.000000 0.059262
0.000000 0.056855
0.000000 0.025679
0.000000 0.036101
0.000000 0.018828
0.000000 0.018175
0.000000 0.044473
0.000000 0.014625
0.000000 0.022572
0.000000 0.018618
0.000000 0.022797
0.000000 0.016779
0.000000 0.026930
0.000000 0.016706
0.000000 0.016324
0.000000 0.027043
