  0.139154 438.447079
  0.135412 509.863580
  0.133756 439.428941
  0.130621 554.249086
  0.129404 507.798099
  0.128408 507.647328
  0.126770 480.160407
  0.131961 503.643644
  0.127051 503.404221
  0.133409 516.679740
  0.131721 465.349316
  0.134378 495.617689
  0.126589 542.636201
  0.130835 527.208619
  0.129841 442.809431
  0.129831 501.002224
  0.141738 539.236784
  0.131919 507.613476
  0.135831 580.076784
  0.130208 486.617176
  0.139633 495.818724
  0.136352 497.151359
  0.130821 487.378347
  0.131804 509.384414
  0.132840 482.591830
  0.126406 490.389258
  0.136470 540.763376
  0.136790 510.449526
  0.138982 445.522198
  0.133085 476.018335
  0.134664 486.013887
  0.136297 530.493020
  0.134205 549.997868
  0.134472 523.938709
  0.128901 494.546522
  0.138729 565.029217
  0.134301 493.276549
  0.131660 454.220108
  0.131634 526.850478
  0.138099 522.545616
  0.134520 519.765534
  0.134714 514.480086
  0.124183 475.634200
  0.135434 443.771367
  0.130098 565.560394
  0.130751 503.979640
  0.133739 536.523845
  0.137025 432.485350
  0.135523 475.387345
  0.137847 560.952837
  0.129815 466.959180
  0.133929 557.523157
  0.131696 516.411485
  0.132504 532.921382
  0.138554 539.583497
  0.130983 500.204882
  0.134907 542.118686
  0.132931 511.818964
  0.132746 472.992230
  0.135333 495.660080
  0.132018 559.872536
  0.127899 586.168958
  0.132105 507.997478
  0.129082 579.244405
  0.133831 530.335180
  0.124026 481.778765
  0.138213 565.783571
  0.134295 497.610841
  0.125446 511.690879
  0.128906 464.275946
  0.133402 539.719028
  0.138052 542.723790
  0.128451 506.300298
  0.130979 495.507928
  0.128370 523.592120
  0.136451 550.309093
  0.135231 581.622389
  0.133176 510.540636
  0.126291 543.487720
  0.132148 457.398875
  0.127634 553.310773
  0.131976 549.095744
  0.131925 479.709559
  0.135068 493.099269
  0.127055 582.070706
  0.137591 506.997447
  0.137330 511.606757
  0.131753 516.266399
  0.130955 490.682411
  0.130147 589.837454
  0.138225 570.400755
  0.134412 491.177214
  0.126289 479.694907
  0.135622 557.875123
  0.129482 503.495173
  0.134023 446.659249
  0.131534 480.059564
  0.133180 520.380205
  0.135416 585.943608
  0.136911 561.063342
  0.131093 615.603473
  0.128922 471.632298
  0.136320 468.327505
  0.135861 483.802104
  0.130822 477.768445
  0.133884 474.559738
  0.131653 558.024232
  0.135896 456.648110
  0.140776 553.059288
  0.137550 599.920937
  0.134051 473.898358
  0.130871 500.358084
  0.133084 497.863171
  0.133881 473.812330
  0.136414 471.803946
  0.133578 558.521775
  0.135321 493.848725
  0.131285 393.488976
  0.138725 493.434818
  0.132367 466.136122
  0.128682 505.722011
  0.139535 469.091472
  0.132415 508.968111
  0.133260 483.067816
  0.135016 524.114631
  0.135587 540.318298
  0.131126 462.914285
  0.134074 487.157678
  0.128737 616.095650
  0.132513 508.497475
  0.129960 443.251462
  0.132350 497.884903
  0.133464 498.767140
  0.126286 508.699890
  0.137484 560.410264
  0.130834 475.767118
  0.136379 472.186485
  0.135130 582.029963
  0.132298 497.581741
  0.138355 502.805354
  0.135655 535.981831
  0.121848 497.640152
  0.136123 556.318633
  0.129303 472.808611
  0.132971 537.500011
  0.130754 518.362809
  0.134146 532.386917
  0.135285 504.374101
  0.134291 502.218781
  0.141392 529.970693
  0.137819 466.356784
  0.134011 519.058096
  0.132581 510.744090
  0.137806 543.261301
  0.138690 503.261128
  0.132888 569.089296
  0.136635 536.479050
  0.128637 482.395216
  0.131240 484.073079
  0.131379 519.783459
  0.128739 466.156960
  0.133726 498.489703
  0.131481 547.133049
  0.126470 509.434232
  0.133289 575.802402
  0.131100 445.360034
  0.133601 542.349566
  0.126865 511.226089
  0.131997 475.277679
  0.131661 499.063453
  0.132014 560.280094
  0.128977 471.065674
  0.132998 481.603112
  0.125447 440.891071
  0.135601 546.647411
  0.126782 430.739866
  0.130853 492.827152
  0.139146 506.801234
  0.135009 524.570829
  0.132666 521.680026
  0.135621 466.721479
  0.136072 479.716387
  0.136254 494.989435
  0.129155 514.349147
  0.133407 507.205006
  0.130753 509.300402
  0.135063 530.643589
  0.130602 516.234149
  0.137482 514.882436
  0.133468 484.650867
  0.130780 532.924456
  0.135256 503.791883
  0.126198 510.685434
  0.132065 524.186640
  0.135816 496.623188
  0.139176 483.005878
  0.133894 545.218249
  0.137883 441.486357
  0.129112 548.301393
  0.132449 569.534326
  0.132814 532.918868
  0.128069 519.579559
  0.132570 444.437663
  0.136921 552.969493
  0.131395 558.205346
  0.129612 546.786389
  0.135151 513.092471
  0.135886 585.901383
  0.129338 565.059749
  0.135288 541.861357
  0.131316 515.711094
  0.129902 429.951637
  0.133743 471.808256
  0.130423 512.809393
  0.135629 452.397816
  0.131635 498.187098
  0.138382 498.235462
  0.133669 610.320458
  0.133448 496.424862
  0.135795 582.859688
  0.132741 434.907647
  0.131460 503.795984
  0.132433 434.676396
  0.133190 461.141081
  0.138001 503.829778
  0.136452 507.922901
  0.133822 506.640958
  0.135193 451.399188
  0.139565 570.605072
  0.127627 499.426083
  0.130536 499.055825
  0.131609 538.805042
  0.133776 586.777091
  0.129134 481.137166
  0.138858 499.344307
  0.135559 475.747459
  0.135522 517.578750
  0.133259 483.330558
  0.135860 491.092831
  0.130965 486.191700
  0.135774 506.923783
  0.131494 458.732975
  0.131526 548.439165
  0.135040 483.762989
  0.133582 491.344002
  0.134198 500.018322
  0.135179 552.707437
  0.132347 567.234743
  0.131699 452.731848
  0.136764 544.322207
  0.132653 553.181608
  0.129487 453.788848
  0.131520 498.301619
  0.135413 574.869707
  0.132129 563.999413
  0.130372 582.083804
  0.125184 532.079923
  0.132428 607.810298
  0.135463 531.274542
  0.121329 464.832827
  0.130945 488.760134
  0.135182 437.436123
  0.131365 558.822882
  0.139344 478.799728
  0.136983 532.934129
  0.130472 417.635943
  0.130613 537.093630
  0.128216 536.619175
  0.131781 504.529434
  0.129736 543.717785
  0.136230 490.905287
  0.131637 496.479765
  0.132025 466.129624
  0.133203 588.457911
  0.136089 533.795169
  0.132945 560.013668
  0.134842 495.036280
  0.136318 463.772610
  0.135851 535.078609
  0.130893 503.223047
  0.137807 469.281335
  0.130647 526.718847
  0.133388 491.430052
  0.131014 507.889985
  0.132160 506.511303
  0.129749 536.938511
  0.134705 454.185178
  0.129808 479.817818
  0.136406 542.972487
  0.135940 609.267313
  0.137122 509.080148
  0.138617 580.802099
  0.134527 511.314082
  0.135750 491.792358
  0.135375 562.583014
  0.131819 524.215587
  0.128965 572.323272
  0.134248 476.498749
  0.133187 461.306272
  0.125533 499.839557
  0.131219 551.915786
  0.128725 583.172718
  0.128854 529.398140
  0.126147 458.599257
  0.125246 501.774827
  0.127656 540.250893
  0.128960 450.074385
  0.130849 482.571359
  0.134971 507.232119
  0.130100 533.251794
  0.133243 490.616784
  0.128522 530.022436
  0.127187 501.372931
  0.138150 540.628578
  0.139299 499.410429
  0.130683 581.026646
  0.135494 561.331370
  0.130694 549.540213
  0.132786 564.302104
  0.136365 488.564036
  0.135339 457.017804
  0.131650 573.948472
  0.134593 530.145117
  0.137931 483.934788
  0.133483 470.534772
  0.132876 490.079963
  0.134059 456.925829
  0.134112 521.648742
  0.126585 552.002367
  0.131581 433.167475
  0.134111 535.183830
  0.129240 478.290999
  0.134153 562.704898
  0.132595 497.645410
  0.132867 488.274171
  0.134198 536.186143
  0.133524 495.829374
  0.136044 492.516168
  0.136239 484.819914
  0.133409 567.797144
  0.132273 520.838897
  0.136226 517.814196
  0.135707 476.305129
  0.128050 471.235207
  0.129239 514.880886
  0.127249 597.940977
  0.131325 489.456880
  0.132398 504.710859
  0.133603 485.487036
  0.136600 483.769019
  0.133466 517.418831
  0.130285 531.126340
  0.129869 542.312732
  0.128697 502.336418
  0.134145 505.289695
  0.128441 480.575746
  0.136384 436.021998
  0.133074 530.493620
  0.131488 481.765426
  0.132279 440.571930
  0.128938 499.256258
  0.134854 563.496816
  0.135687 515.423542
  0.136866 418.252936
  0.138761 446.553786
  0.136492 540.036255
  0.131302 506.171776
  0.130494 504.029716
  0.132768 518.193035
  0.132195 536.232696
  0.134661 457.480269
  0.130797 442.200264
  0.128488 534.315383
  0.129735 533.665401
  0.127301 479.344282
  0.137946 485.901360
  0.135447 516.177368
  0.141160 529.063184
  0.134615 519.189732
  0.133735 513.410083
  0.130733 482.856719
  0.125616 496.486883
  0.130827 598.714494
  0.126253 495.017354
  0.137740 506.660074
  0.128771 492.772651
  0.132241 563.335450
  0.129824 511.334997
  0.136925 528.615320
  0.132900 508.373598
  0.133082 529.297461
  0.135724 498.627403
  0.136862 499.696647
  0.133256 488.207778
  0.129922 560.923261
  0.132507 461.717404
  0.135286 490.470776
  0.132587 639.167473
  0.136468 517.988807
  0.135081 593.647760
  0.127749 552.014355
  0.132517 517.770076
  0.135592 433.038072
  0.137406 492.876870
  0.135674 469.679538
  0.132956 520.510080
  0.131403 554.739033
  0.138502 521.781648
  0.126625 582.634882
  0.133661 519.418847
  0.132040 432.222429
  0.140922 488.874414
  0.131637 528.719280
  0.134588 608.360888
  0.139754 500.591062
  0.124669 505.703769
  0.132785 477.588688
  0.135945 573.602319
  0.130085 493.461948
  0.132375 550.541444
  0.140112 507.649794
  0.131795 451.304627
  0.134873 469.059314
  0.131797 515.840583
  0.131545 509.365425
  0.134510 494.772218
  0.132361 471.007649
  0.129617 485.873199
  0.135506 505.947604
  0.138876 533.978572
  0.128730 556.555377
  0.136367 551.935016
  0.134193 493.394397
  0.132233 519.483026
  0.127636 519.036396
  0.131365 530.785006
  0.124907 489.504038
  0.126801 518.827542
  0.132454 458.765025
  0.132494 508.598821
  0.132767 558.474898
  0.129880 538.839840
  0.128508 478.112654
  0.130791 533.562793
  0.128477 485.129717
  0.136354 490.375359
  0.127365 469.841692
  0.134393 449.418047
  0.131755 482.312961
  0.125543 509.717740
  0.134805 530.046368
  0.132685 520.036936
  0.134301 485.989015
  0.132498 532.109086
  0.128248 489.943752
  0.132492 543.384766
  0.135630 432.070946
  0.130812 398.141128
  0.127561 554.810078
  0.128186 537.454730
  0.132553 470.053468
  0.135197 482.900934
  0.141767 532.997980
  0.130440 498.532427
  0.128301 507.207039
  0.132212 477.069487
  0.128575 428.506704
  0.133239 466.758086
  0.131189 522.687954
  0.133229 582.322970
  0.134593 558.286636
  0.125492 464.341152
  0.136284 551.721768
  0.126216 482.535678
  0.142679 538.657609
  0.133847 549.454295
  0.136203 542.981216
  0.137514 521.061383
  0.132290 475.344107
  0.134539 531.098137
  0.129357 521.108186
  0.132021 469.968811
  0.131295 407.636961
  0.138865 511.390945
  0.138128 533.254154
  0.131227 425.104148
  0.135748 468.241430
  0.131637 545.317499
  0.134389 473.275062
  0.132738 528.902434
  0.130204 482.051742
  0.133319 531.915354
  0.142868 501.796169
  0.134980 520.830183
  0.130962 490.942462
  0.136768 455.858221
  0.136729 451.113552
  0.135146 524.687803
  0.131145 579.445729
  0.133436 466.452625
  0.136861 517.549886
  0.131974 507.503931
  0.128219 513.262625
  0.123679 398.523813
  0.127944 510.802571
  0.130015 566.659302
  0.134276 472.652195
  0.132440 474.392292
  0.133050 460.770585
  0.136366 561.115394
  0.132594 475.467803
  0.131050 536.557330
  0.132841 477.381306
  0.130909 541.433568
  0.136937 498.123936
  0.135700 442.159594
  0.134243 556.148186
  0.134650 487.900755
  0.134047 420.659653
  0.139954 396.490518
  0.136236 532.551193
  0.134849 523.394450
  0.134255 526.403073
  0.131117 464.898975
  0.131417 523.100399
  0.130746 465.263544
  0.135517 509.876267
  0.134935 545.622267
  0.134110 434.610870
  0.133411 498.706763
  0.127310 423.750575
  0.133257 494.138135
  0.135830 469.551320
  0.135290 498.643123
  0.130810 496.664005
  0.133727 537.755240
  0.129695 504.360103
  0.130321 537.805539
  0.131238 581.551020
  0.134027 520.340947
  0.132298 574.921953
  0.138096 500.791040
  0.140962 466.456021
  0.127609 524.146915
  0.132774 542.265667
  0.133817 538.265205
  0.135395 504.794610
  0.137039 533.584225
  0.132391 517.162277
  0.134410 523.640183
  0.136240 491.622292
  0.131050 454.607159
  0.137208 562.457357
  0.134781 490.902413
  0.132136 529.062312
  0.134921 473.505130
  0.127559 480.655849
  0.127914 503.819558
  0.139107 481.333453
  0.134449 523.034352
  0.135063 509.460186
  0.134659 478.801975
  0.144393 493.361633
  0.134357 514.254748
  0.130958 476.379636
  0.131127 528.939072
  0.131314 568.248832
  0.135108 528.914452
  0.134848 479.613305
  0.131940 419.613450
  0.125744 512.356285
  0.138818 488.444639
  0.134604 503.958928
  0.140392 547.360604
  0.141375 479.475971
  0.137897 488.055773
  0.136993 499.143240
  0.127450 423.710182
  0.129315 516.399192
  0.130117 451.038162
  0.132986 584.871212
  0.134187 528.561819
  0.134191 503.997351
  0.131738 588.708036
  0.134173 472.567232
  0.136635 488.574191
  0.133926 524.821027
  0.133461 537.634808
  0.137774 636.759028
  0.131947 470.890233
  0.134693 537.867146
  0.133321 515.593651
  0.137536 525.301036
  0.133766 549.171670
  0.134563 544.919715
  0.132111 531.511055
  0.133639 581.337137
  0.133902 521.815081
  0.134184 483.265183
  0.134523 551.879579
  0.135875 477.137744
  0.130032 478.681409
  0.135533 487.226407
  0.132337 525.121207
  0.129400 564.657329
  0.129965 537.535699
  0.134202 485.446066
  0.129184 524.142445
  0.129802 476.013173
  0.137370 495.468795
  0.141218 509.869067
  0.129813 451.959940
  0.130794 463.252481
  0.135238 495.603142
  0.135175 426.330927
  0.135195 492.654573
  0.136038 446.586488
  0.132474 467.158124
  0.138475 450.694729
  0.131028 540.883896
  0.129452 495.162631
  0.131108 522.557587
  0.129264 516.521662
  0.129345 518.685057
  0.133572 500.589698
  0.134861 503.206969
  0.127314 465.074108
  0.127965 476.729163
  0.133582 521.274587
  0.133405 489.045352
  0.135207 486.946180
  0.135733 529.442419
  0.137758 468.010827
  0.144577 446.648674
  0.135100 532.563496
  0.130859 425.844079
  0.132880 467.317079
  0.130000 561.867954
  0.134151 506.705385
  0.138581 521.209256
  0.144451 451.239709
  0.132320 514.234918
  0.137283 517.788658
  0.137895 536.920988
  0.135664 538.208166
  0.132647 562.411993
  0.127191 541.904581
  0.132935 524.008502
  0.133809 541.302618
  0.130475 498.634824
  0.132611 406.991004
  0.129335 519.209021
  0.133612 535.068523
  0.132089 553.799973
  0.132932 464.940717
  0.129680 466.916462
  0.129091 543.025058
  0.127022 473.861665
  0.131838 476.676894
  0.134548 516.395593
  0.129801 488.520188
  0.131709 576.774824
  0.131751 490.427800
  0.137409 518.722924
  0.131766 463.208934
  0.131149 474.663226
  0.132202 509.957165
  0.136120 540.509556
  0.127322 540.053080
  0.134263 526.943999
  0.131634 464.370760
  0.134001 518.932266
  0.127582 481.451834
  0.132498 487.424550
  0.128646 546.567976
  0.129919 521.142648
  0.134930 568.425927
  0.128821 523.469974
  0.130562 528.520437
  0.132992 469.330056
  0.136718 521.014599
  0.130311 522.899785
  0.130038 506.573361
  0.127031 539.644707
  0.127359 431.501912
  0.133121 470.716360
  0.127772 459.605798
  0.126718 493.304160
  0.133822 520.536679
  0.134170 540.695065
  0.135921 489.530168
  0.129388 548.761489
  0.138224 517.674520
  0.131068 563.721674
  0.133107 548.820419
  0.132701 465.602967
  0.131975 522.635409
  0.134022 470.987068
  0.133027 558.770857
  0.127706 530.756098
  0.134460 460.335357
  0.130668 616.629089
  0.132805 521.043563
  0.128626 533.643779
  0.126235 487.532545
  0.133022 553.212159
  0.134264 592.873961
  0.135183 526.774915
  0.130042 570.587715
  0.133723 556.017263
  0.138897 505.837430
  0.129012 481.938065
  0.131168 527.060862
  0.135140 460.602158
  0.133787 498.514152
  0.137755 498.172565
  0.129568 583.420732
  0.135788 505.499871
  0.133847 515.267044
  0.132053 478.354704
  0.132753 600.782289
  0.132527 431.278077
  0.136458 500.714017
  0.137403 466.495477
  0.133506 502.517285
  0.134753 570.011414
  0.137904 509.014158
  0.134417 503.282688
  0.132327 579.118686
  0.139544 454.924555
  0.134829 500.218408
  0.137098 461.640366
  0.129919 574.247319
  0.133393 543.950037
  0.125718 539.904488
  0.138525 554.376436
  0.135275 579.970625
  0.136455 566.762078
  0.137456 434.827149
  0.130405 550.333015
  0.131918 509.455882
  0.127136 546.324055
  0.132571 520.524138
  0.135116 534.144524
  0.129387 546.473010
  0.130577 515.892884
  0.129152 636.880029
  0.133524 520.957838
  0.134629 514.944712
  0.137428 546.365547
  0.134461 457.688480
  0.134272 497.720557
  0.137173 444.853693
  0.136401 494.590029
  0.131830 551.030849
  0.129674 482.561472
  0.131954 542.869589
  0.134967 478.885264
  0.138801 567.455527
  0.132356 559.231785
  0.133916 513.566263
  0.129698 513.297969
  0.128394 508.370466
  0.135339 531.345744
  0.127166 535.857807
  0.128958 572.728702
  0.133457 513.341366
  0.126722 458.434556
  0.131696 512.112540
  0.134574 546.116506
  0.127510 527.282635
  0.134387 520.164173
  0.130980 497.698374
  0.133371 484.174693
  0.125018 515.141136
  0.138937 480.471378
  0.128368 492.887695
  0.131270 572.194331
  0.134557 528.624943
  0.133264 575.470319
  0.132446 511.552313
  0.130420 477.937318
  0.127362 479.059188
  0.131521 570.668775
  0.131742 570.124348
  0.123724 490.066612
  0.130636 437.018122
  0.138031 491.518827
  0.134481 528.810305
  0.131853 520.770404
  0.134585 546.506806
  0.127181 492.953270
  0.134238 506.380190
  0.131781 553.179206
  0.133192 544.699670
  0.129673 616.991671
  0.134940 468.665912
  0.137232 537.779326
  0.134205 510.008541
  0.131247 560.660183
  0.129653 543.119109
  0.137281 568.257932
  0.134069 480.489796
  0.125941 492.691928
  0.125032 463.747880
  0.135231 514.743198
  0.135433 498.627695
  0.130789 457.903101
  0.135473 605.951766
  0.129324 486.778735
  0.135036 460.491237
  0.137471 516.129635
  0.133471 554.062145
  0.135747 476.578772
  0.133027 526.444936
  0.135167 431.989368
  0.134129 490.396056
  0.135653 451.128629
  0.130783 516.757235
  0.135781 533.353964
  0.132939 564.304775
  0.130757 510.498811
  0.129040 563.081643
  0.131949 619.294124
  0.136045 499.869518
  0.137440 466.260455
  0.129253 468.545748
  0.138373 489.115905
  0.138924 484.014309
  0.130289 480.744429
  0.129736 595.670614
  0.133158 512.109041
  0.133974 546.868379
  0.132932 576.987743
  0.127550 460.836992
  0.127772 512.736153
  0.130849 521.754638
  0.132252 473.560695
  0.134725 523.030249
  0.132108 434.274053
  0.132833 540.090195
  0.128545 488.643126
  0.137365 533.529134
  0.137534 469.454612
  0.128767 533.064751
  0.138499 485.432340
  0.136314 590.998600
  0.130709 541.440450
  0.131289 527.115927
  0.136025 533.012504
  0.131223 542.366943
  0.133028 518.385623
  0.135523 471.704543
  0.131333 545.724428
  0.133084 504.402304
  0.135162 503.826055
  0.130962 549.957855
  0.134654 442.560992
  0.130722 541.773464
  0.130014 482.299508
  0.130758 598.771294
  0.129704 527.384387
  0.139292 467.268056
  0.134063 495.459407
  0.136836 503.259436
  0.129083 573.773306
  0.137710 455.325471
  0.132482 480.371761
  0.134163 503.217456
  0.133907 415.455306
  0.134675 435.223717
  0.132322 505.266737
  0.140755 510.158492
  0.134244 524.194256
  0.135262 501.662776
  0.135475 472.786254
  0.134734 495.306543
  0.129129 516.970463
  0.129650 477.866944
  0.134943 478.329931
  0.132577 509.860709
  0.140913 519.724525
  0.131469 441.500852
  0.129336 527.680040
  0.131105 531.969350
  0.132800 501.314518
  0.138088 507.838539
  0.136452 494.176088
  0.127242 463.210519
  0.131750 496.094569
  0.127520 496.146743
  0.129635 555.613919
  0.136963 520.038224
  0.129591 520.173351
  0.139754 628.288389
  0.131176 460.250499
  0.127210 456.142006
  0.131969 512.999319
  0.128580 537.994241
  0.140781 444.402492
  0.138831 476.076519
  0.139600 485.900374
  0.128108 489.943479
  0.132455 543.670902
  0.132887 562.848592
  0.135155 536.417417
  0.135934 472.261358
  0.130241 493.536014
  0.134781 521.746996
  0.130442 505.174750
  0.134771 488.079905
  0.129644 574.994957
  0.133914 528.160055
  0.130213 551.134609
  0.127050 481.132065
  0.129796 438.813114
  0.127930 484.165854
  0.127242 487.816693
  0.137763 505.829563
  0.129920 494.840300
  0.127654 505.394126
  0.128902 493.773197
  0.132826 534.492846
  0.133782 536.495776
  0.133923 527.180300
  0.133709 455.990832
  0.132809 552.393507
  0.126498 560.350389
  0.131948 482.537043
  0.130744 523.095340
  0.131700 527.575561
  0.124943 526.877351
  0.131855 509.762312
  0.127065 447.086765
  0.135842 474.100426
  0.134982 497.011698
  0.133810 550.608330
  0.136283 550.485888
  0.132300 486.087035
  0.132163 527.219387
  0.130768 454.881688
  0.133783 508.209696
  0.133179 550.649986
  0.130875 440.555788
  0.127603 536.436422
  0.132808 521.794080
  0.142578 478.371224
  0.135789 512.119273
  0.136564 492.205981
  0.134312 572.376298
  0.132444 531.909488
  0.138902 498.713604
  0.131360 410.409927
  0.134421 488.914537
  0.131865 538.359783
  0.129438 546.624677
  0.137931 492.685046
  0.138028 518.112731
  0.138611 488.346846
  0.138618 550.890194
  0.128623 417.819304
  0.132926 543.754608
  0.131650 470.632614
  0.135139 427.327765
  0.131478 526.418189
  0.130967 510.681534
  0.134346 535.801698
  0.132410 517.131728
  0.134304 547.724320
  0.128314 464.414051
  0.132196 550.837543
  0.131284 487.011700
  0.135547 576.108088
  0.136527 482.131658
  0.129740 525.338958
  0.133249 574.501423
  0.130010 494.384943
  0.136870 539.285381
  0.133006 479.581295
  0.138451 519.498342
  0.135984 535.431182
  0.134678 479.603774
  0.131703 439.237895
  0.132162 513.059137
  0.135064 532.834887
  0.133338 572.043874
  0.136456 532.795426
  0.134422 596.289019
  0.134740 567.308888
  0.135568 530.185952
  0.132475 538.985829
  0.134662 470.823469
  0.127243 546.866096
  0.130889 533.360067
  0.129101 532.628637
  0.136036 437.753751
  0.139931 530.746110
  0.133054 530.093060
  0.133615 504.672594
  0.133886 531.286548
  0.136492 544.709370
  0.139173 460.872961
  0.132122 552.387212
  0.136728 543.568680
  0.137401 496.839405
  0.133326 483.364102
  0.132485 455.218441
  0.131791 523.557653
  0.136167 448.513863
  0.131082 555.189471
  0.133914 441.095402
  0.131556 551.189941
  0.129394 500.940284
  0.136126 555.995141
  0.128861 505.357981
  0.134713 602.338739
  0.130406 542.419078
  0.127363 516.155662
  0.129426 544.474037
  0.131850 486.475932
  0.134684 582.007798
  0.132601 492.644110
  0.135696 511.029754
  0.130388 540.530384
  0.128786 485.392529
  0.139502 546.207552
  0.135461 484.466036
  0.131822 463.082809
  0.132243 529.495535
  0.139504 468.529362
  0.131387 507.424500
  0.126677 586.152090
  0.136034 531.657693
  0.127609 506.932784
  0.130386 489.412723
  0.132661 498.252113
  0.135635 472.681925
  0.136591 552.349648
  0.135437 542.366564
  0.137650 418.464059
  0.139226 580.354538
  0.136797 559.602993
  0.137071 471.184611
  0.135620 541.338931
  0.133934 466.446947
  0.132505 497.702089
  0.137425 500.412359
  0.132945 600.132188
  0.133261 479.980725
  0.137116 547.289526
  0.138068 517.486214
  0.127571 504.862459
  0.131587 449.098712
  0.136636 453.825051
  0.133756 525.156207
  0.130728 500.157314
  0.136015 503.344584
  0.128991 465.605704
  0.130158 548.941514
  0.140564 511.637682
  0.131649 524.212171
  0.136531 451.609069
  0.135850 505.619371
  0.133858 535.249624
  0.127785 436.476957
  0.134200 473.142255
  0.134665 474.513894
  0.137074 450.041647
  0.131126 579.522502
  0.139524 519.140816
  0.134593 469.123299
  0.138064 533.577831
  0.138538 481.094893
  0.133324 509.416369
  0.135574 524.414394
  0.134870 463.787838
  0.129470 528.325770
  0.134007 516.395535
  0.129737 518.830540
  0.133018 545.374689
  0.134825 566.144045
  0.130970 463.780874
  0.133915 574.546190
  0.134546 454.237960
  0.136576 546.062145
  0.129336 584.353481
  0.136582 493.861219
  0.141022 471.318270
  0.135454 513.792714
  0.133643 485.696337
  0.133354 450.113915
  0.132196 490.198426
  0.132152 510.375300
  0.133543 483.438735
  0.124234 522.796715
  0.136341 479.145358
  0.134161 496.052424
  0.132707 458.660898
  0.135045 495.625200
  0.136648 516.552734
  0.132953 479.064700
  0.125240 478.313240
  0.124096 443.669500
  0.133529 581.124142
  0.128519 536.050461
  0.129850 473.448945
  0.129545 523.454958
  0.133538 506.292699
  0.134586 465.678012
  0.140402 493.053619
  0.136873 501.085752
  0.130764 465.495262
  0.129180 506.858437
  0.133851 518.971191
  0.134992 506.079840
  0.131551 478.087734
  0.134741 505.380818
  0.135848 573.532815
  0.129487 527.058289
  0.131068 505.085349
  0.131659 542.826516
  0.133448 526.389088
  0.129341 480.740944
  0.128721 548.429137
  0.125056 522.359385
  0.137415 527.104399
  0.128835 549.654488
  0.131624 528.553319
  0.136915 503.238700
  0.134831 467.315371
  0.135365 494.824115
  0.139157 491.723637
  0.140018 518.149095
  0.132885 543.085627
  0.134084 525.004804
  0.137155 554.377709
  0.133892 541.863719
  0.134155 514.126280
  0.134503 517.219037
  0.129576 509.888979
  0.138322 527.313267
  0.137265 603.576875
  0.131935 508.580467
  0.133614 554.534141
  0.125166 524.883441
  0.133832 504.640022
  0.133432 540.313024
  0.133427 477.365818
  0.135430 517.675827
  0.135200 528.470720
  0.136684 545.684524
  0.128587 510.284253
  0.138995 512.408036
  0.126906 448.923905
  0.132065 529.203021
  0.130616 577.035486
  0.135882 497.593284
  0.132680 570.344473
  0.126853 513.857969
  0.138409 534.968876
  0.135675 509.409415
  0.137176 502.946639
  0.131182 509.453502
  0.139611 459.673819
  0.130862 559.868244
  0.132521 500.314769
  0.130570 470.378763
  0.129521 451.126082
  0.127645 557.157329
  0.134351 471.640439
  0.138719 605.706412
  0.133898 474.581957
  0.136893 519.522098
  0.131800 544.346665
  0.138704 516.649316
  0.130539 464.116369
  0.137458 478.877458
  0.136607 555.243071
  0.137483 467.067992
  0.135756 588.748141
  0.135541 569.031318
  0.135315 501.913235
  0.140566 437.765520
  0.138770 539.391524
  0.138846 465.523503
  0.134609 539.432755
  0.132366 477.704775
  0.131571 448.597925
  0.130065 519.308070
  0.138450 537.091058
  0.139135 458.954800
  0.134722 518.653665
  0.134246 551.381845
  0.135713 543.908102
  0.133663 557.532520
  0.131415 515.968934
  0.133663 502.907731
  0.136863 455.897729
  0.135119 516.958202
  0.135921 466.925914
  0.139989 447.507174
  0.137816 483.948988
  0.135536 488.871850
  0.126787 463.028203
  0.134919 483.749363
  0.136903 451.446556
  0.136608 526.326970
  0.131856 533.004234
  0.131646 530.785284
  0.134354 494.316602
  0.131005 499.466700
  0.134849 607.120623
  0.136885 535.004667
  0.132754 521.399791
  0.134616 472.174110
  0.135890 511.605584
  0.137931 493.596021
  0.130548 509.930166
  0.136566 524.120045
  0.134165 555.599133
  0.133341 503.170105
  0.136125 449.399519
  0.131331 473.092421
  0.135304 524.596793
  0.136745 458.856735
  0.131821 421.660210
  0.132886 537.110574
  0.138321 453.492607
  0.140280 515.127221
  0.135482 532.221658
  0.135108 536.911149
  0.128196 398.721391
  0.131490 495.552868
  0.138809 594.949845
  0.124422 561.333938
  0.129592 522.815027
  0.128905 571.683196
  0.139806 497.900519
  0.125754 428.790456
  0.133257 531.960619
  0.136809 551.053851
  0.131074 457.349840
  0.129679 484.046687
  0.135975 512.029093
  0.131445 494.915109
  0.134839 522.323551
  0.133371 517.959410
  0.132326 516.908722
  0.142194 473.659935
  0.129273 567.131887
  0.131964 446.875635
  0.132595 499.420190
  0.136213 509.781172
  0.137993 523.677898
  0.135950 494.750997
  0.130600 507.369717
  0.135076 537.738677
  0.131662 469.875313
  0.138922 530.038983
  0.132620 458.573293
  0.135390 497.401433
  0.134266 501.658055
  0.128888 493.349870
  0.129815 548.364591
  0.132055 515.324586
  0.131053 516.883033
  0.131249 508.000460
  0.139269 424.162923
  0.127902 532.818547
  0.128704 497.017038
  0.129568 493.130718
  0.132622 485.012935
  0.128725 514.272027
  0.130489 487.504124
  0.129285 508.086925
  0.136922 516.046064
  0.137305 492.479038
  0.138054 531.021412
  0.134934 475.792664
  0.131351 519.213026
  0.129137 544.756953
  0.132644 466.372981
  0.137279 560.286618
  0.138898 530.374697
  0.139952 460.526882
  0.136805 441.443598
  0.136763 512.797167
  0.139339 493.584710
  0.129099 472.483532
  0.134546 456.926949
  0.134809 476.827429
  0.130000 430.266046
  0.134461 550.212015
  0.135956 456.287300
  0.135920 536.201483
  0.131165 447.759163
  0.134204 540.046115
  0.133799 522.307341
  0.137623 495.709284
  0.140339 458.789135
  0.132145 525.224980
  0.136577 526.468082
  0.133287 550.069934
  0.128982 455.147334
  0.134808 465.743481
  0.132086 566.750310
  0.136593 512.473315
  0.136250 516.184197
  0.131940 524.372976
  0.136810 569.309399
  0.129387 523.310713
  0.135957 501.225147
  0.142242 582.953891
  0.128117 498.993968
  0.134222 487.638631
  0.133030 487.336840
  0.130349 517.133166
  0.131768 534.983905
  0.132403 502.545289
  0.132540 449.870432
  0.131227 554.335227
  0.135213 465.756875
  0.139159 519.557494
  0.132594 525.003346
  0.134401 461.153715
  0.131900 427.475406
  0.130187 463.663969
  0.127831 531.410338
  0.135715 531.106339
  0.132868 561.195841
  0.136507 533.193280
  0.131673 498.748326
  0.127792 525.161136
  0.130094 522.857747
  0.134703 499.750830
  0.128650 433.699509
  0.135565 549.364485
  0.137473 513.316441
  0.135529 485.236552
  0.140919 504.288609
  0.131502 525.743605
  0.126217 527.991204
  0.128054 494.746962
  0.130629 552.802897
  0.129617 604.169742
  0.137978 553.707972
  0.138807 507.033687
  0.126190 506.079782
  0.127130 482.792626
  0.128972 502.994107
  0.135244 557.714316
  0.132949 551.758495
  0.134928 461.895517
  0.137062 461.686957
  0.132481 567.814651
  0.129677 533.722336
  0.137134 514.421232
  0.133120 557.026383
  0.136148 458.555424
  0.132509 504.680019
  0.137658 461.315432
  0.132317 510.145793
  0.134246 563.878267
  0.132854 499.157638
  0.131581 570.465309
  0.131681 473.805945
  0.129187 529.378837
  0.130891 482.623455
  0.134516 477.824089
  0.136280 490.786780
  0.132916 571.103689
  0.134154 445.558207
  0.135103 481.022905
  0.133752 486.143873
  0.133442 556.105592
  0.134938 479.713374
  0.135567 472.630373
  0.133678 507.417717
  0.130772 498.063666
  0.132160 526.780206
  0.132804 523.540550
  0.129041 539.714591
  0.138223 480.677811
  0.131999 466.691175
  0.131201 490.261441
  0.134476 527.829719
  0.136660 481.282390
  0.132807 567.309538
  0.138592 455.247872
  0.131227 507.959707
  0.134015 504.153007
  0.137543 519.136107
  0.137634 548.181391
  0.126242 562.703866
  0.129083 506.568985
  0.132767 485.208846
  0.129600 494.106960
  0.127789 516.246987
  0.131702 502.562522
  0.137216 601.796048
  0.129457 548.801104
  0.133208 567.655475
  0.131608 521.207526
  0.131484 439.405636
  0.135508 471.986564
  0.130896 508.747104
  0.132504 471.324209
  0.132041 592.212386
  0.136623 477.910394
  0.134333 471.419522
  0.129386 540.551031
  0.131807 548.968759
  0.134735 585.633741
  0.130895 424.971402
  0.131108 496.419619
  0.129989 523.161907
  0.128552 529.503075
  0.133979 485.126399
  0.133049 501.348824
  0.127809 517.507903
  0.130664 461.564676
  0.132647 517.862532
  0.140606 435.188270
  0.123850 543.426690
  0.129938 480.359900
  0.134776 481.620546
  0.136821 514.017931
  0.132643 494.146698
  0.126570 519.487027
  0.131967 530.000791
  0.132187 473.564698
  0.125942 442.781699
  0.139169 552.678733
  0.130868 527.262976
  0.136332 533.051901
  0.134280 569.516887
  0.131644 567.285349
  0.132150 562.253518
  0.135092 484.754621
  0.138698 539.804272
  0.138988 521.513399
  0.134855 467.427674
  0.127831 461.390609
  0.141565 530.007140
  0.127920 571.888970
  0.130771 459.592954
  0.129724 542.191935
  0.133999 525.434760
  0.132875 605.985695
  0.141351 544.648985
  0.134642 527.428842
  0.132169 461.675599
  0.130719 507.521857
  0.135598 469.320509
  0.124965 546.966061
  0.130906 509.959314
  0.133194 580.049297
  0.131062 464.916698
  0.130901 547.812330
  0.129516 482.181336
  0.130443 554.780199
  0.132878 483.570574
  0.134938 524.440668
  0.133088 518.966010
  0.133836 525.193263
  0.132930 518.442207
  0.133260 544.616243
  0.132715 498.741505
  0.135328 491.911598
  0.130395 468.308100
  0.134467 502.850260
  0.131609 512.026491
  0.135720 468.080092
  0.132572 456.627676
  0.140452 533.424737
  0.123370 478.397581
  0.129548 440.704618
  0.138186 453.926111
  0.127852 521.677435
  0.130711 460.181485
  0.133963 533.181972
  0.133721 488.966684
  0.131907 520.201692
  0.133808 479.999061
  0.131429 477.896687
  0.133949 519.912205
  0.127429 541.611695
  0.126994 458.983131
  0.134228 501.884425
  0.131784 501.757763
  0.129548 459.729563
  0.128622 539.122991
  0.125948 470.728713
  0.122968 452.498672
  0.128488 550.192658
  0.131490 470.395605
  0.133823 625.240671
  0.132665 528.319226
  0.135166 481.733175
  0.134882 474.827965
  0.131945 501.562704
  0.132200 534.739418
  0.137667 462.703188
  0.132206 476.774176
  0.131150 535.747870
  0.135237 514.773079
  0.132149 558.426179
  0.135060 485.736743
  0.136789 514.915449
  0.133374 550.300430
  0.129840 495.625197
  0.127356 517.328770
  0.132219 457.867756
  0.132033 554.112227
  0.129858 562.464655
  0.133282 551.566748
  0.134152 491.292979
  0.130066 533.662668
  0.135215 446.978648
  0.125331 469.525985
  0.127890 528.947511
  0.132797 551.773756
  0.132280 544.199449
  0.134318 511.478701
  0.128206 477.310179
  0.130826 557.109418
  0.132746 502.261582
  0.130012 566.894994
  0.129290 545.664258
  0.130215 500.595424
  0.138046 497.768759
  0.126827 547.249187
  0.128149 497.464107
  0.136542 482.670436
  0.129685 512.615185
  0.131892 640.931058
  0.129628 517.193300
  0.128116 464.118728
  0.129511 515.857347
  0.131340 493.488889
  0.135651 470.927919
  0.129939 560.604204
  0.132074 522.467753
  0.136137 513.144720
  0.131265 515.757534
  0.135406 471.652911
  0.138441 485.988030
  0.135479 504.190759
  0.135362 478.361234
  0.126486 445.569965
  0.134168 500.781883
  0.132498 520.296103
  0.134263 552.993685
  0.135306 559.939255
  0.136171 516.009773
  0.133187 525.582036
  0.140375 543.500957
  0.140208 569.221750
  0.134165 493.866854
  0.137074 522.812488
  0.132431 447.532458
  0.135352 526.170361
  0.136913 509.378278
  0.137807 443.900080
  0.137959 504.150661
  0.137512 509.532173
  0.130183 463.680351
  0.129755 532.474900
  0.131713 550.998301
  0.132067 575.295444
  0.134661 511.948805
  0.135896 489.777750
  0.132070 468.434613
  0.132501 534.082505
  0.129431 509.988982
  0.129491 482.774840
  0.128176 474.629540
  0.133862 587.193700
  0.134644 511.586221
  0.133300 580.776731
  0.124346 436.711452
  0.131700 469.171739
  0.134969 519.184813
  0.133879 465.214507
  0.134517 467.648339
  0.131918 565.321662
  0.136990 439.470409
  0.131228 478.141651
  0.139548 455.235268
  0.129062 528.920913
  0.134611 528.550879
  0.137039 543.333405
  0.135765 564.283199
  0.132974 558.640410
  0.132643 549.079656
  0.128757 508.208256
  0.131602 506.987855
  0.130633 545.895700
  0.130145 441.217072
  0.137963 521.944882
  0.132233 458.153521
  0.131379 504.345711
  0.132650 481.008953
  0.129479 542.279709
  0.131106 455.779327
  0.132665 521.315909
  0.138231 505.213660
  0.131611 505.952818
  0.131468 475.812281
  0.130797 519.381359
  0.126588 503.760003
  0.133321 470.391088
  0.128212 519.569849
  0.132180 477.052349
  0.135392 522.587571
  0.138508 576.894692
  0.129739 507.627959
  0.132987 559.500639
  0.137189 473.112539
  0.135829 551.191322
  0.136825 558.843874
  0.131287 509.003704
  0.129397 503.118535
  0.130087 550.820370
  0.132651 471.279887
  0.130347 553.898459
  0.130447 500.922500
  0.130706 469.594622
  0.132583 499.972791
  0.131867 533.062668
  0.135036 492.976624
  0.128229 504.699371
  0.134712 451.884499
  0.131817 461.378594
  0.127111 500.198131
  0.132417 558.090718
  0.139872 560.288351
  0.138086 502.075801
  0.134625 525.665610
  0.132889 525.225533
  0.133243 451.773421
  0.132384 439.576953
  0.134523 507.748504
  0.125769 493.657193
  0.135796 524.680189
  0.133996 527.164651
  0.134491 528.459419
  0.138417 506.901581
  0.129076 467.425136
  0.132359 482.968484
  0.126084 514.409298
  0.135437 545.977800
  0.136178 525.898423
  0.129741 410.856317
  0.128740 504.660114
  0.133058 541.065028
  0.133971 519.868699
  0.126299 453.222168
  0.129507 550.746096
  0.128157 503.698309
  0.128937 480.450146
  0.129306 477.116749
  0.130891 547.298742
  0.127339 549.513542
  0.131499 504.775344
  0.133215 463.079012
  0.137480 515.051958
  0.131725 484.441822
  0.128929 536.756874
  0.131748 520.461141
  0.136160 458.195020
  0.126797 564.164716
  0.136303 594.052322
  0.128161 552.224185
  0.122870 458.722209
  0.139244 547.204668
  0.131316 510.445843
  0.134683 444.156863
  0.131257 512.195910
  0.133087 546.229803
  0.132560 435.009173
  0.131672 511.018563
  0.134076 450.513965
  0.135421 471.101344
  0.134194 578.012660
  0.140113 456.870543
  0.138166 521.770027
  0.129657 526.807331
  0.130651 477.233439
  0.127548 528.854671
  0.133835 522.915478
  0.139993 480.514775
  0.124648 443.321528
  0.132635 513.349182
  0.130853 490.404305
  0.135369 482.229248
  0.132739 468.155492
  0.129992 482.444744
  0.131665 445.949084
  0.135164 491.464301
  0.141832 510.233288
  0.135714 569.350253
  0.131480 485.085230
  0.124132 520.846807
  0.134366 600.144496
  0.136685 550.495778
  0.132267 530.410403
  0.134734 457.629544
  0.132138 559.606466
  0.135280 512.940190
  0.140853 519.713842
  0.132400 536.609688
  0.139501 520.650719
  0.128799 588.444560
  0.133176 526.017205
  0.125657 555.828291
  0.130236 536.574621
  0.131864 515.132465
  0.128225 558.892426
  0.125454 476.561816
  0.131732 515.654000
  0.130956 571.522823
  0.133858 514.184804
  0.131812 557.662774
  0.130451 485.314962
  0.124234 489.366278
  0.131409 518.210946
  0.132468 486.132583
  0.125633 557.078925
  0.138060 483.664018
  0.134226 567.623897
  0.132349 503.075218
  0.135925 517.600288
  0.127871 525.805269
  0.133557 523.641169
  0.131091 519.790141
  0.135024 528.706106
  0.134523 583.542744
  0.135465 504.143053
  0.133187 530.640762
  0.128406 481.038644
  0.140110 427.438596
  0.135232 520.384724
  0.137302 530.248202
  0.131600 555.468985
  0.133441 473.903976
  0.140661 560.212686
  0.141135 441.687544
  0.127831 597.154278
  0.130989 494.863805
  0.129554 561.861948
  0.130723 516.162648
  0.137391 570.662897
  0.129447 600.400163
  0.134806 499.893065
  0.134998 481.814873
  0.129175 552.403734
  0.132590 546.502224
  0.133149 521.556976
  0.138941 502.784338
  0.135378 521.731514
  0.134889 600.941683
  0.132025 491.730482
  0.128698 456.274152
  0.134419 493.910514
  0.132708 502.005194
  0.125316 488.651497
  0.130629 520.020095
  0.129979 538.991780
  0.130200 534.366596
  0.134616 493.250140
  0.134787 538.075615
  0.131752 471.305049
  0.134667 487.541319
  0.125569 556.391945
  0.121886 538.335939
  0.134431 494.459518
  0.137471 541.471908
  0.135486 520.691842
  0.139395 503.570269
  0.134845 449.148394
  0.135993 507.254107
  0.133203 482.873922
  0.130754 447.787673
  0.132523 517.022864
  0.128977 496.645980
  0.130402 565.073997
  0.122377 491.922164
  0.124378 504.445058
  0.136167 517.650215
  0.136585 509.021540
  0.136244 541.443272
  0.132678 492.769379
  0.136580 493.693117
  0.131923 500.561680
  0.127259 549.728011
  0.130032 536.895955
  0.129493 514.545659
  0.136253 549.027087
  0.131058 538.945185
  0.130041 506.327745
  0.134558 498.773956
  0.138447 532.967941
  0.128329 556.391920
  0.132053 520.960054
  0.129770 445.432611
  0.132476 543.524263
  0.133798 595.431079
  0.137758 448.405404
  0.131944 531.235074
  0.134832 522.621842
  0.132337 552.542144
  0.132130 505.057258
  0.129521 515.937578
  0.127871 529.740256
  0.135334 509.666090
  0.128339 505.202582
  0.140237 512.366578
  0.130758 471.178608
  0.130140 559.974047
  0.132281 459.867165
  0.129968 472.495699
  0.130859 558.001885
  0.133254 541.635091
  0.135197 537.547474
  0.133183 448.715859
  0.132916 561.041288
  0.132580 457.532634
  0.131999 558.140277
  0.132044 547.584431
  0.133381 484.481562
  0.129175 553.640200
  0.135809 544.240441
  0.136375 478.006641
  0.129914 540.749352
  0.134344 497.260985
  0.133595 546.570432
  0.130994 507.681075
  0.132772 502.374659
  0.133693 495.943374
  0.137667 457.910777
  0.132196 540.174518
  0.133906 441.405098
  0.130423 462.358548
  0.134007 477.357263
  0.137721 533.963903
  0.140882 480.032371
  0.132285 491.885752
  0.134804 503.817979
  0.136020 474.655336
  0.132624 533.776707
  0.139972 578.222879
  0.137082 478.881093
  0.135035 518.812395
  0.136796 553.452493
  0.133432 554.180392
  0.131773 468.908697
  0.132131 504.931709
  0.135179 521.327083
  0.136157 520.124912
  0.141373 546.724939
  0.135394 509.032130
  0.132107 543.522562
  0.129976 444.367581
  0.133930 499.234554
  0.134974 524.880246
  0.135512 549.236488
  0.136479 523.958947
  0.137425 500.765853
  0.136048 461.443342
  0.134384 498.219669
  0.128125 535.617817
  0.135299 493.314277
  0.133584 545.358512
  0.135317 484.231170
  0.134009 461.893997
  0.136664 518.382186
  0.133624 463.810721
  0.134680 516.016855
  0.131806 471.502681
  0.135829 520.206723
  0.133416 508.934269
  0.131790 504.817848
  0.129406 468.696973
  0.132549 495.455060
  0.134382 577.844118
  0.131044 530.539862
  0.135852 504.370285
  0.135516 575.850808
  0.131148 570.294791
  0.133547 481.364369
  0.137308 480.048775
  0.134976 480.722835
  0.137509 482.461262
  0.129453 515.081784
  0.134846 481.434346
  0.130183 515.806703
  0.131544 498.220174
  0.142173 455.545056
  0.142704 526.543222
