  61.203017  997.962082
  89.882227 1003.606707
 125.080720  999.291874
 115.777427 1003.599822
  98.810608 1005.080020
  98.654206 1004.117552
  89.429643 1004.547994
  93.369283 1004.356949
  66.836744 1002.998457
  85.762612 1005.252913
 121.739604 1004.267246
 119.804353 1004.439695
  89.088995 1001.937239
  87.873144 1002.875026
  91.963171 1003.365050
  91.299886 1005.283209
  75.992154  998.005686
 103.472235 1003.944905
  88.836070 1004.484126
 115.120625 1000.664360
  86.957624 1003.814991
  85.299678 1002.808709
  87.483760 1003.566661
  79.936259 1003.643333
  82.683460 1005.865305
  53.119227  996.645915
  79.698167 1002.244858
  75.957088 1002.490985
  73.146332 1000.299286
  75.933677 1000.806515
 115.497869 1004.807824
  89.645486 1001.770202
  68.945599 1003.866064
  94.854097 1007.867656
  74.199857 1003.504981
  75.687692 1000.819608
 115.828898 1007.188215
 149.572302  997.656074
 123.660758 1004.363198
  94.216263  999.878418
  97.272118 1000.105238
 109.539069 1002.121830
 175.536912  995.003185
 129.425798 1000.569722
  93.232741 1000.793460
 108.324764 1004.683485
 105.687811 1009.922878
 104.800338 1000.427662
 108.958787 1005.691587
  96.695575  997.462729
 119.738201 1001.871343
  62.527727 1003.597838
  91.090078 1007.541353
  74.540607 1003.921836
  76.635791 1005.871292
 103.810500 1007.221336
 102.290606 1003.392177
 112.107149 1002.466483
  79.782394 1002.445708
  72.769326 1000.332698
  86.944439 1007.279257
  97.324806 1000.869017
 109.355319  996.766617
  85.018647  998.980019
 119.541504 1005.374401
 106.271399 1005.047928
  86.637529 1000.478391
  55.505048 1006.967351
  86.067503 1004.398900
  91.527800 1003.937059
  65.186769 1006.049146
  68.843161 1004.965249
  73.098870 1003.399000
  60.909998 1004.212639
  87.344454 1008.254207
  74.780214 1005.757951
  69.914214 1002.056013
 116.573193 1005.918605
  68.027817 1002.615773
  70.493241 1003.547341
  75.704229 1009.170487
  73.979348 1006.931000
  87.173269 1000.480724
  83.260900 1005.219184
  84.997156 1004.619537
  90.321549 1006.184693
  63.096994 1002.780362
  85.269684 1007.159990
  90.895250 1006.677599
  63.185120 1007.253402
  83.694234 1006.863375
  68.016659 1000.862633
  90.893987 1002.869676
  77.354983 1002.411453
  76.470771 1002.115235
 108.715462 1002.607302
 105.729093 1001.363404
  82.047058 1006.327952
  83.825528 1007.335161
  99.689937 1006.112695
  96.643685 1002.882320
  93.897459 1007.786169
 101.999958  999.586419
 123.049447 1002.886496
  84.497947 1004.996061
  82.430736 1002.850843
  55.851782 1002.906057
  69.712812 1002.045560
  75.128012  998.619248
  96.436598 1005.222277
  85.076830 1002.016067
  81.006418 1004.525391
 101.084640 1002.103155
  91.814859  999.750159
  65.415781 1003.336434
  68.975361 1003.148120
  93.103322 1002.729993
  87.616309  998.693419
 103.049392 1004.604413
  69.696489 1004.508732
  64.581041 1001.161233
 115.261891 1004.191557
  93.211531 1002.674528
 106.953707 1001.709958
  77.445041 1004.408766
  82.435670 1005.324176
 100.904007 1006.183375
  76.533932 1004.647232
  96.463815 1002.177558
  93.763220 1003.568206
  84.935053  996.029950
  67.486278 1005.030289
  70.342045 1001.241676
  57.900466  999.862037
  78.525871 1005.059695
  63.443014 1005.940101
 110.740360 1004.397708
  85.330195 1005.524695
  69.858854 1002.838880
  76.055625  998.941863
 104.826664 1007.670592
  69.325925 1001.007877
  84.717764  999.622061
  94.413519 1001.157854
  77.768017 1008.958569
  81.112894 1007.447268
  56.774404 1002.372717
  82.271946 1006.208392
 103.602378  999.570095
  80.728972 1005.798600
  88.260288 1002.658640
 120.065260 1007.540727
 143.023482 1004.992770
  90.262362 1003.265574
  80.829721 1000.768685
  71.618316  992.775684
  89.544386 1005.026218
 107.020494 1003.663529
  81.363017  999.923713
  97.566585 1003.674383
  74.487129 1000.325619
  88.081887 1008.430572
  91.729601 1004.107241
  83.841335  992.236685
  66.261030 1005.447392
  92.792633 1003.244545
  85.373052 1004.417823
  91.280531 1002.077481
  85.497976  997.741738
  83.390205 1001.462740
  72.355550 1000.792087
  87.354423 1006.695697
 109.511378 1003.845188
 101.740702  993.594919
 114.941231 1001.460685
  89.496229  995.837014
  88.159606  999.901368
  79.459709 1005.168504
  77.780433 1008.441390
  89.329516 1007.988637
  97.866622 1003.867113
 112.906270 1007.650047
 111.682192 1004.131244
  86.527574 1000.982701
  67.603036 1006.412711
  80.577765 1005.794210
  84.537942 1003.754823
 115.759216 1004.916085
  93.844281 1007.520680
  87.866558 1003.428956
  71.000083 1005.562358
  71.694455 1000.894705
  62.570360 1000.356259
  76.030365 1008.460039
  81.151482 1005.482552
  84.631001  999.677960
  99.714254 1006.520511
  88.174192  995.533903
  93.661748 1003.329503
  95.342954 1006.149331
 111.362161 1008.504065
 105.796264 1005.566382
  84.864530  998.820814
  87.816335 1005.252973
 105.520521 1009.120331
  84.131109 1007.484185
 108.208980 1007.076371
  70.456828 1004.590123
 105.080006 1005.601414
  94.151041 1005.487918
  80.696178 1003.469462
  76.567970  998.906746
  80.765874 1007.884824
 108.367747 1004.703024
  61.554485 1004.202437
  70.039831 1009.490332
  71.525285 1002.276089
  75.721072 1005.346819
  64.969893  999.060910
  72.118502 1002.177644
  72.115612 1004.350327
 102.295799 1007.082353
  81.116968  999.582476
  92.362172 1000.858220
 113.031156  995.664361
 100.000998  999.498478
  98.497768 1001.145738
  78.929160  999.415748
 106.863260 1001.250975
  91.620598 1004.698065
  65.618469 1002.471510
  79.715667 1001.899607
  68.545975  999.682793
  81.354564 1005.189324
  81.097923 1003.956968
  88.597333 1003.730365
  63.327028 1006.120005
 100.198074 1004.418334
  61.058789 1003.358482
  79.285074 1005.046279
  77.719569 1002.181940
  76.637003  999.845527
  81.537239 1002.724796
 107.313105 1000.187458
  65.905848 1005.314319
  83.519524 1005.573315
  76.000455 1001.762327
  77.421595 1004.340764
  74.845732  996.861331
  79.730823 1006.738485
  71.656819 1008.074284
  71.422512 1001.152557
  58.097626 1007.548750
  72.259811 1002.968014
  86.279430 1005.200408
  75.713478 1006.338324
 101.006377 1002.922204
  68.351678 1001.701123
 108.445725 1003.830378
  80.182394  998.066775
  78.057624 1002.024793
  92.380073  999.972556
  81.871563 1001.634121
  64.756948 1002.236853
  69.598785  998.705461
  87.578509  996.808155
  84.886171  998.208350
  66.645930 1003.034264
  63.394430 1001.622237
  83.605092 1004.859032
  78.561070 1000.897194
  92.509961 1005.587082
  77.330001 1004.738729
 107.392583 1008.890324
 101.277045 1001.952610
  82.633499 1001.532301
  79.750121 1006.497259
  64.984162 1004.106030
  48.484731 1007.584047
  71.037535 1005.401378
  84.402568  998.477218
  88.396667 1005.831306
  77.599488 1004.849695
  85.352337 1006.946467
  67.097858 1006.573014
  63.061143 1004.254044
 108.319701 1005.208440
  71.406580 1003.716461
  79.484752 1001.695944
  86.021728 1005.734865
  75.543664 1006.657848
  86.208487  998.123628
 116.979144 1002.031377
  74.455696 1000.323371
  71.125042 1003.025966
  94.614599 1004.224721
  78.050050 1004.739238
 103.154481 1005.449100
 100.005733  999.899052
  94.875211 1002.058391
  90.618545 1005.015722
  71.090175 1005.187370
  97.463051 1004.236753
  97.218464  998.665181
 118.572246 1008.043307
  77.365452 1004.454650
  64.783998 1003.488116
  71.169133  999.512697
 109.800015 1004.406495
  88.525276 1006.731364
  68.973320 1009.191656
  73.503564 1003.152214
  62.656952 1003.058502
  69.615517 1003.165148
  85.936485 1003.031116
 113.899757  998.356779
 107.530631 1007.768410
  60.101893 1001.493611
  62.339614 1004.424311
  99.609679 1003.162740
  64.690043  997.831140
  74.087915 1002.885907
 124.303369 1003.900183
 101.539071  998.763934
  69.067415 1003.313211
  67.273588 1000.715533
  78.259987  998.480309
  87.141570 1004.162924
  70.278314 1001.118979
 108.666495 1000.281387
 112.676358 1002.447749
  94.328217 1001.753865
  78.437153  997.911859
 101.232552 1006.856237
  82.054902  998.907883
  73.242955 1003.011001
  88.720036 1004.424915
  76.376192  998.926242
  82.081831 1002.797802
  72.272023 1001.836543
 106.248631 1002.387165
  86.214596 1002.342964
  85.445094 1003.212563
  67.242375  999.296555
  76.403492 1006.708586
  74.388507 1003.009751
  64.098299 1003.132372
  77.522908  998.196078
  81.881503 1000.797631
  83.613733 1000.507503
  84.721307  999.623274
  91.785908  999.398565
  80.212117 1000.375674
  49.543056 1004.283753
  88.054186 1001.449205
  56.692733  998.506530
  84.953983  999.305715
  85.804588  996.303409
  85.718904 1003.192745
  73.972555 1000.784185
 111.656931 1003.153375
  88.156389 1006.871292
  67.940819 1003.926727
  69.910010  992.518587
  86.263704 1001.822886
  88.701012 1004.957754
  78.951493 1008.364446
  83.276243 1009.458235
  55.480239 1001.635437
 102.541103 1004.580284
  63.734605  999.631254
  80.813281 1000.998991
  75.664121 1003.345720
 105.902864 1005.145719
  94.685176 1003.016771
  78.527719 1005.215152
  94.686727 1002.992232
  61.907248 1002.048516
  73.864825 1005.110639
  81.104828 1004.564959
  94.537548 1002.987995
 115.015091 1000.113091
 102.484360  996.821235
  72.572890  999.628183
  76.052362 1003.585634
  71.080035 1000.171724
  85.859059 1005.925340
  62.563482  999.542394
  88.360579 1004.355224
  61.897528 1004.463531
 100.460005  999.256554
  80.798615 1007.092566
 106.145326 1001.941860
  86.848016  999.702720
 107.842698 1002.637697
 100.271312 1003.997772
  63.354017 1005.600048
  84.192477  991.888483
  75.032914 1002.608594
  71.875461  997.172082
  80.304784 1001.457073
 123.504205 1000.053214
 120.794847 1001.126806
  70.760111 1005.019204
  84.605231 1002.703757
  72.786641 1003.066215
 122.058809 1003.333456
 131.546152 1003.312449
 132.065293 1005.167690
 110.297717 1008.091664
 110.992206  998.174471
  99.027128  999.406745
 109.634336 1006.874682
 135.510104 1006.549459
  61.831884  998.455302
  74.725653 1006.957472
 118.077061 1007.687699
  90.230086  999.549787
  89.725742 1004.116446
  77.714923 1006.971308
  97.585969 1003.743637
 101.952465  999.056682
  78.757456 1000.204171
  87.436260 1006.700052
  94.554124 1005.838405
  82.253176 1006.113837
 143.576173 1005.928559
 134.745222 1001.600673
  81.808149  997.049572
  71.371854 1002.995580
  75.926228 1001.609821
 107.289270 1006.734701
  69.527153 1002.876297
  96.544615 1004.647470
 106.897084 1004.156837
 102.112690 1001.632271
 121.106023  993.586731
 115.106138 1006.811212
 121.753412 1005.629982
  70.916973 1006.940060
 110.329280 1006.688928
 112.580517 1004.093888
 116.932720 1004.277778
 116.297898 1001.209121
  70.220340 1003.284468
 110.732967 1001.099382
  76.637340  995.150745
  96.439513  999.140793
  73.042485 1005.215179
 109.715334 1004.796917
  80.058537 1001.630082
  66.040626 1005.036710
  98.968670 1005.968261
  64.606197  999.365569
  85.430129 1005.751408
  84.357593 1004.104935
  97.567535  998.095535
  93.139943 1001.428404
 137.607009  998.389930
 103.194941 1006.342374
  53.125050  997.201972
  83.370426 1006.535991
  84.859041  996.837684
  79.910436 1010.200411
  76.081469 1001.188138
 103.945611 1000.804238
  83.148133  995.242029
  63.863033 1003.240543
  70.332513 1003.155739
  80.771440 1000.263463
  79.577226 1006.883981
  81.718510 1002.175843
  65.246487 1007.692429
  85.394761  997.879502
  72.779447 1000.410297
  93.167445 1004.830269
  79.954561 1003.156709
  66.682512 1002.160595
 104.414782 1001.015420
  92.278079 1004.108957
 105.043288 1003.264458
 102.383541 1004.802820
  79.829218  999.117161
 107.353858 1004.418943
  89.620712 1005.691827
  73.238980  999.222517
  83.503717 1005.458370
  75.439949 1003.815880
  91.406680 1002.087767
 108.742967 1002.884881
  87.540819 1002.564261
 100.004473 1004.401820
 134.208692  996.545349
  85.428993 1004.139342
  60.790407 1001.077219
  78.830786  999.735613
  79.021082  998.570371
  68.904825 1005.754490
  78.659346  999.331074
 107.130825 1005.194149
  95.799202 1002.262704
  66.927176 1006.010313
 101.100427  999.645051
  87.296230  985.929161
  86.061021 1004.206817
  88.019371 1001.665006
  98.470588  999.254772
 119.759858 1003.930332
 123.053081  996.639917
  82.489059 1003.666548
  81.850098 1002.226740
  69.749221 1003.099515
  91.998029 1000.727224
 110.069018 1001.774885
 102.954094 1001.510806
  78.170991 1001.719440
  78.976369 1004.229148
  67.104684 1004.136078
  78.996655 1003.027406
  80.440704  999.175990
  93.415993 1002.912774
 102.465215 1003.896808
 121.799438 1007.348803
  89.455860 1002.819570
  60.761690 1006.321720
  59.317810 1000.085763
  75.930062  999.957624
  68.184313 1004.677152
 101.128051  999.375935
  84.658676 1006.854910
  72.760659  997.143279
  68.490128 1000.387045
  77.985467 1003.771833
 101.664047 1000.626022
  66.774704 1003.364179
  79.555842  994.637687
  74.722288  997.583341
  63.002409 1004.697953
  65.924352 1001.501312
  86.787545 1005.785647
  70.021579 1001.892753
  61.126669 1004.381792
  83.712047 1000.045413
  77.395494  999.848311
  84.143643 1004.353973
 107.483805 1002.026522
  60.218859  999.649267
  73.437814  997.693277
  86.710677  998.985420
  79.067484  998.316103
  52.233236 1002.623903
  66.262935 1003.133116
  59.158988 1004.254723
  73.799483  997.600343
  76.582615 1000.165366
  67.628867 1003.959343
  53.298771  999.726384
  42.331496 1005.476587
  61.639139 1002.779631
  53.932219 1009.594087
  53.705759 1002.957993
  42.771937  996.455420
  68.803873  997.193277
  71.394544 1001.673407
  60.073441 1005.479931
  52.169365 1003.721477
  60.470423 1003.444638
  76.341562 1003.087072
  60.159662 1000.096540
  78.888821  994.004134
 111.025484  996.745432
  81.434288 1003.095362
  97.619246 1002.788879
  75.380126 1004.174648
  82.766626 1000.499556
  50.070899 1000.299717
  82.630674 1001.217785
  71.618494  998.150726
  60.487993  997.693740
  97.104889  996.696039
  76.156932 1000.554922
  71.023134 1004.758769
  76.831740 1001.301738
  56.792921 1000.635799
  53.019120  999.153544
  64.342979 1000.253731
  58.595035 1002.499128
  62.838919 1003.884355
  85.518609  998.885111
  72.549163  999.724370
  89.258225 1002.270783
  53.255410  999.575913
  92.766672 1002.403605
  83.931588  999.973921
  73.582078 1002.910217
  71.605235 1004.068619
  80.513580  999.010486
  59.713651 1002.856727
  90.234378  999.191447
  79.139607 1000.872050
  89.068334  997.430546
  70.710547 1000.712272
  77.403912 1006.245740
  56.545097 1003.725773
  52.796016 1000.902416
  58.545998 1005.335839
  86.594400 1006.444531
  80.701953 1005.948125
 100.696081 1002.065492
 107.946380 1004.498469
  88.649654 1000.727749
  59.762707  999.408358
  82.649529 1001.963920
  71.627934 1002.226080
  92.313556  999.164224
  47.328968 1005.012490
 102.459628 1004.341991
  86.645539 1005.096346
  73.122143  995.421912
  84.902220 1002.811109
  54.225746 1004.533570
  82.176914  999.127487
  79.665316 1002.640474
  71.058437 1000.579747
  63.385272 1005.525783
  69.693543  996.683071
  43.144487 1000.722445
  83.045433 1003.763046
  70.516053 1005.986847
  79.074268  999.863546
  77.118715  997.971117
  71.567230  995.075794
  71.392902 1002.528399
  85.442432  993.820375
  68.222101  998.915025
  80.447696 1001.373607
  50.155419  994.589238
 101.980917 1001.351499
 109.432892 1007.358775
  72.040572 1002.627175
  78.223701  997.505488
  83.760488 1007.273855
  90.197685 1005.196609
  91.004872 1001.129743
  97.353885 1001.215209
  96.884676 1004.822581
  88.977306 1004.348343
  52.137462  998.858643
  74.264248 1007.539576
  81.860841 1002.125510
  83.689184  997.219603
  99.337264  999.778698
  85.939788 1004.189727
  61.016744  995.378464
  90.271049  995.929224
  98.604564  996.249094
  97.619696 1005.273646
 114.971292  999.498118
  77.922072 1001.299123
  83.265387 1001.606136
  92.548432 1002.992534
 100.360679 1003.175497
 101.500531 1006.331387
 113.426757 1004.606790
  95.761664 1001.408509
  88.229215 1001.416129
 103.629574 1005.794850
  68.721981 1002.265218
  73.866120 1005.903638
  81.470547 1001.337711
  92.367293 1001.570801
  78.009074 1001.478500
  79.672432  997.850062
  80.467988 1002.401715
  78.818418 1002.554020
  79.788561 1006.892066
  79.151872 1009.622592
  47.502292 1001.830308
  88.915936 1000.174252
  75.397222 1002.821709
  52.234711 1002.487874
  72.440038 1007.728091
  91.264128  996.277197
 103.316325 1002.623574
  73.719601  997.630462
  66.957524  992.719793
  88.320432  997.218536
  63.704629  999.600092
 102.802912 1000.001546
  63.695473 1005.287678
  74.640585  999.956643
 102.582235 1007.007120
  94.006481 1007.822725
 100.554327  999.502440
  66.237922 1005.178258
 100.001112  997.642146
  65.104398 1005.006282
  68.731568 1007.736488
  83.521070  998.388941
 103.043395  998.018529
  68.544190  996.222972
  77.509960  999.705480
  93.140218  999.224638
 104.326055 1009.951938
  78.803649 1000.638317
  91.033377 1005.794594
 112.160351 1006.081629
  87.719041 1006.059546
  80.175922 1008.739623
  57.372343 1003.880912
  85.397217 1000.589967
  99.229127 1004.646984
  82.113398 1010.282775
  77.729166 1003.734542
 106.730254 1004.512877
  65.245242 1001.034742
  70.525494 1001.972761
  89.275319 1003.648240
  99.304103 1007.435930
  72.100405 1000.839307
  64.652737 1001.589065
  55.648749  999.128687
  82.333932 1000.629012
  68.722924 1001.788368
  94.783598 1002.507076
  60.413964 1005.464681
  95.867665 1006.979743
  70.208595 1005.909558
  75.201990 1009.618117
  95.418690  999.432842
  64.575200 1006.656566
  83.872100  999.845212
  72.678073 1002.624022
  81.825661 1007.977237
  92.438392 1004.712732
  71.621908 1003.406477
  74.419181 1004.338118
  86.328416 1001.982461
 106.207179 1005.419067
  93.501171 1008.588556
  58.544592 1002.634265
  58.833778 1001.514344
  91.107425 1005.263319
  96.718016 1003.553927
  78.887933 1004.870930
  54.533849 1003.887163
  74.073961 1004.149732
  60.772471 1001.663761
  72.161872  999.967874
  88.473301 1004.794125
  81.733818 1005.937688
  78.233191 1001.449297
  78.477534 1003.793425
  84.687803 1002.813190
  83.221614 1005.223404
  68.753105  999.683334
  66.142191 1001.577766
  43.295091 1002.396105
  56.905618  992.193935
  81.564807 1001.974224
  75.150267 1004.606808
  66.396607 1005.219614
  79.698118 1000.759375
  69.332197 1004.522566
  73.486173 1006.768270
  61.455884 1007.160249
  64.746167 1002.049331
  77.254350 1002.235753
  64.671588 1004.096750
 101.323687 1006.746180
  71.783584 1005.818622
  68.051760 1004.792507
  94.417885 1000.086494
  87.733747  995.170132
  73.565764  994.748996
  67.109581  996.245810
  62.370071  999.767066
  89.818292 1003.672354
  83.334178 1010.726465
  84.771547 1006.458464
  69.768858 1006.569802
  72.855647 1004.634525
  99.720782 1005.753294
  79.694009 1003.840378
  57.843540 1002.166445
  71.020909 1004.464404
  73.645633  993.533192
  74.199580 1002.742729
  78.627690 1002.509901
  90.618757 1004.883184
  73.202421 1000.531542
 104.701851 1000.184693
  69.029690 1005.780125
 102.266265 1006.079841
  64.928726  999.846918
  85.722293  999.450703
  92.152422 1001.916185
  84.670584 1004.227895
  97.985695  999.130842
  84.549592 1005.988633
  60.843476 1004.668679
  71.754013 1006.026878
  76.129594 1001.770759
  74.141657 1001.987658
  77.614452 1001.033543
  70.248434 1006.149864
  72.328101 1006.100466
  62.641005 1002.200622
  64.718219 1001.640285
  94.384800 1001.727673
  70.029149 1001.268412
  81.096796 1004.809087
  75.874017 1007.969747
  81.692881 1000.231698
  45.924028 1002.483523
  86.865281 1001.988265
  68.287547 1001.331216
  72.301786 1001.005062
  71.478529  997.868012
  71.241174 1001.152586
  45.806714  999.467386
  80.901736  999.620625
  77.490919 1003.781077
  70.494104 1004.923319
  78.172607  999.923035
  85.409374  999.620886
  93.022783  999.206773
  72.021723 1001.644249
  70.971239  998.436002
  74.682175 1002.935335
 112.850041 1008.033280
  76.603690 1003.703856
 114.457667 1004.317376
 120.682860 1006.172306
  96.189671 1000.327703
  63.645209 1005.646127
  84.276467 1001.836306
  84.919323 1007.656981
  98.250420 1004.692650
  95.552482  997.463888
 123.313554 1011.890639
 131.873204 1004.650673
  92.970163 1008.656804
  51.628311  995.674789
  73.345145  998.874030
  94.380745 1001.253553
  50.270972 1001.224755
  74.874158 1002.129990
  88.036152 1005.708084
  51.612623 1002.548230
 108.854716 1006.463936
 101.185712 1000.747212
  74.149398 1000.475392
  99.355413 1002.244681
  82.612236 1000.050861
  73.347472 1003.400612
  58.700560 1004.074754
  71.412761  999.432594
  91.308444 1007.511799
  76.138901 1000.610520
  71.895467  998.409882
  67.178103 1000.406301
  92.894685  999.781914
  96.272679  999.791043
 116.113872  999.720649
  76.421116  998.366238
  77.067101  993.934653
 103.903752  995.889741
  70.640087 1005.522819
  81.227232 1001.538198
  62.369107  999.846980
  93.367578 1000.471796
 100.719482  996.619315
  66.442768 1002.673744
  88.123886 1002.682074
  83.258046 1000.996951
  70.375705 1003.883839
  79.545013 1001.576063
 117.558912  996.078346
  95.485874 1004.071419
  77.014825 1004.388788
  64.188014  998.727190
  66.910344  998.495326
  58.949414 1001.707012
  79.907116 1000.855317
  76.928338 1000.301344
  95.638767  998.503856
  89.502819 1001.262415
  64.021026  999.403701
  77.755567 1008.339065
  96.509621 1003.393619
  76.476440  998.318105
  94.717894 1006.136164
 112.858633 1006.426577
  92.228477  995.291355
  82.161297 1002.813635
 111.732067 1001.206141
  93.444148 1000.216072
  67.959259 1000.729337
  50.477075  999.356877
  89.423189 1004.491362
  74.701386 1004.178998
  58.735718 1005.423006
  57.151211 1006.182562
  70.221377 1004.839790
  64.779451 1003.462421
  86.168246 1004.278396
 102.055567 1003.941460
  81.652748 1006.118027
  88.651785 1005.163691
 127.826600 1007.774272
  63.213872 1007.959989
 100.878031 1001.645600
  83.864128 1006.521011
  78.990112 1001.202160
  75.561954  998.109850
  76.122458 1005.961640
 113.541163  996.819140
  86.225949 1001.381466
  82.414120 1007.211294
  78.778294 1003.015501
 110.427486 1007.278225
  71.642656 1005.003504
  82.131057 1001.957061
 109.535234 1000.932508
  60.590344 1005.428450
  79.317318 1005.829571
  52.873364 1000.957007
  70.790474 1001.711833
  55.740518 1005.481780
  68.347535 1005.037813
  59.843781 1007.028412
  65.662329 1006.103256
  48.083478  995.418146
  70.373216 1004.265871
  81.617434 1003.055680
  78.220263  999.929415
  62.937799 1005.094873
  72.925719 1002.422809
  82.682084 1003.322402
  60.160806 1004.568763
  87.901970 1000.673152
  90.267640 1006.719461
  56.171896 1002.701808
  54.705051 1006.212856
  81.324381  998.136939
  63.912643  997.193352
  65.238052 1002.599074
  98.390081 1002.997542
  55.190061  998.161099
  49.859236 1004.463296
  77.493141  999.086185
  75.170547 1000.706856
  68.481984 1003.862815
  65.485163 1001.139479
  64.019003 1002.357785
  77.028439 1001.589796
  98.979659 1001.353363
  59.750231  999.885659
  88.250650 1000.145283
  90.590038 1002.055881
  69.999504 1003.354144
  60.119736 1003.390317
  68.936400 1000.765822
  61.501563 1008.305511
  72.553508 1006.610020
  74.816845 1006.186288
  75.079830 1004.747913
  87.426395 1005.650362
  51.481355 1003.333311
  70.102258 1004.241245
  78.466126 1002.454322
  89.645626 1004.990035
  72.512234 1003.952003
  57.967564 1002.395797
  71.042284 1002.478975
  60.201409 1005.232786
  77.812476 1005.697003
  57.237785 1005.906097
  80.690434 1001.353933
  78.325679 1005.946358
  72.021681 1003.942047
  70.046568  993.954038
  57.325521 1006.238528
  80.315537 1005.685355
  44.578758 1004.234952
  69.925373 1002.581211
  78.631351 1007.605560
  62.963244 1000.200753
  51.228021 1001.847165
  68.698334 1005.113717
  63.990204 1002.337214
  73.677492 1004.349993
  53.366212 1006.428275
  66.815478 1007.476648
  89.247279 1002.981844
  59.620639 1002.338789
  85.473287 1004.966779
  66.635006 1002.626529
  80.201223 1006.653218
  91.998850 1005.688934
  77.370448 1000.236521
  54.731219 1005.540816
  74.334128 1003.161340
  89.600652 1005.175242
  82.019874 1005.881371
  67.517014 1003.570212
  79.978533 1004.742322
  53.725340 1002.198163
  58.897524 1007.537992
  95.658723 1000.943792
 107.422271 1009.611629
  98.160889 1005.886167
 125.539991 1007.662401
  90.750749 1008.313917
  84.196469 1002.823921
 118.211254 1005.096316
  70.727686 1003.708966
  86.103030 1005.670846
  68.548101 1006.103546
  65.792242 1003.531969
  61.881389 1004.461034
  84.708763 1006.115521
 116.617533 1008.390245
  61.417890  998.915741
  67.884355 1001.418269
  68.262313 1006.899304
  82.438059  998.477083
  86.400164 1006.353799
  78.262700 1002.209673
  85.003887 1007.400042
  46.600530  998.353490
  79.874695 1001.873618
  57.207391  994.297247
  54.607378 1003.424265
  55.470356 1006.055230
  69.529658 1003.503313
  57.327159 1007.935370
  70.570228 1005.750092
  79.877051  998.448428
  78.461671  998.375178
  80.201113 1004.668205
  62.001866 1001.339032
  76.369223  999.664216
  97.529180 1001.066712
  83.373459 1004.809713
  80.204238 1002.828863
  82.105902  999.924093
  76.518351  999.995740
  65.795983 1003.626165
  62.326759  998.138256
  69.337186  995.520293
  52.217068  997.645098
  81.394336  999.814500
  82.838269 1004.645564
  50.193754 1003.632175
 102.101163 1002.396399
  71.086181 1004.525978
  77.884905 1000.087202
  68.005226 1002.016121
  90.597627 1002.045078
  86.349216 1000.252844
 102.907316 1004.922263
  48.941380 1009.818666
  80.962011 1002.701964
  70.797486 1004.848945
  95.891841 1004.897588
  78.723696 1002.875765
  68.723919 1001.796446
  68.201712 1001.664814
  84.207860  995.007647
  74.213565  998.573163
  74.133549  997.022945
 106.626916 1002.285661
  95.942209 1003.255680
  99.985442 1002.627518
 105.097736 1000.872831
 105.068401 1003.454739
  84.784030 1008.211950
  91.730498 1006.203132
  84.017012 1004.339463
  98.526130 1005.094266
  93.177259 1001.391453
  79.765336 1000.839182
 101.123060 1004.608458
 115.597823 1005.841188
  92.572271 1006.369091
  87.604027 1001.402913
  93.289499 1000.660799
  78.655811 1004.460713
  71.116140 1001.599506
  96.834211  999.686936
  72.314537 1006.054636
  91.642577 1000.562463
  94.135955 1005.361696
 113.690906 1001.690103
  94.749506  998.899916
  82.714698 1000.730088
  61.802832 1004.529811
  50.988797 1000.403322
  65.442338 1003.376138
  82.867714  994.017986
  75.386557  999.527141
  69.051013 1004.525042
  82.237331 1005.653245
  83.137975 1002.659513
  71.377413  990.999893
  91.743272 1003.902485
  93.427227 1003.352041
  81.776737 1005.850904
  63.475675 1001.339182
  57.694910 1004.506712
  57.252161 1004.928414
  67.259575 1007.154183
  63.447443 1005.790370
  78.118888  999.365077
  67.523341 1003.803144
  49.436859 1005.071225
  60.220784 1007.270313
  87.190261 1003.818869
  79.120124 1004.752171
  79.555048  999.222076
  77.214178 1002.512686
  54.431904 1004.280396
  95.053257  996.659621
  74.740027 1004.976989
  85.207207 1006.615376
  96.738599 1006.104693
  89.442474 1004.927998
 110.119581 1001.617509
  83.639015 1005.342133
  73.725922 1002.284106
  59.008989 1000.617992
  83.633097  999.486748
  58.584945 1002.958667
  61.763256 1003.799734
 101.451515 1008.495625
  74.601273 1003.557598
  96.369100 1004.220075
  72.243330 1000.461711
  70.581647 1005.712809
  57.224609 1002.914635
  74.694176 1006.173155
  74.217446 1004.541954
  77.659473  998.589935
  59.741893 1001.682898
  82.801826 1004.075045
  87.586046 1003.944807
  93.719396 1007.020283
  74.651199 1007.133634
  95.106008 1005.483791
  62.213984 1003.431066
  48.694135 1004.498498
  69.316293  999.711268
  67.458964 1000.915745
  62.704698 1001.350441
  69.155690 1003.262414
  80.383012 1000.813343
  90.349349 1001.680323
  94.530838 1004.213074
  69.681346 1005.123761
  65.729401 1002.520823
  87.249928 1003.732817
  39.690810  996.376113
  66.991571 1001.959184
  65.718079 1006.595457
  63.792549 1003.722699
  91.279999  995.373982
  81.126090 1005.072045
  53.328051 1002.531936
  70.127670 1004.095110
  79.574418 1002.218191
  73.054202 1003.468638
  67.173114 1004.542368
  52.546098 1000.560015
  65.639124  997.664414
  64.597651 1003.923991
  62.397648 1000.742650
  72.269718 1004.331521
  61.605486 1006.682129
  52.554155 1004.713913
  67.874108 1005.883702
  54.169124 1002.218595
  70.048402 1005.062031
  62.067187 1005.778995
  80.422502 1002.296193
  79.915852 1003.110442
  80.315584  995.069250
  72.932098  994.281520
  42.807796 1004.600351
  67.852169 1000.965401
  62.840838 1008.043845
  58.826234 1000.833155
  71.195822 1000.040745
  56.017060  997.375542
  54.967175 1004.969374
  55.881985 1000.213068
  58.313714 1003.590415
  64.115000 1003.605789
  67.063433 1002.494293
  69.878547  997.194803
  57.494830  999.890815
  50.006863 1004.602701
  63.703592 1001.233508
  53.997994 1003.941449
  56.646302 1002.820631
  39.127065 1001.781491
  54.079300 1005.311147
  58.972542 1003.464023
  77.710039 1003.751791
  61.653636 1002.678069
  63.339712 1003.470242
  57.311318 1006.355881
  51.272830 1001.718468
  65.651772 1004.111356
  75.172885 1005.114807
  62.320776 1006.462159
  55.444958 1003.529482
  51.480570 1004.900649
  55.845756  998.060991
  54.137318 1003.132047
  61.012797 1003.670777
  72.038812 1001.264127
  51.737144 1000.890952
  56.785058 1003.940254
  68.491363 1001.034504
  48.776720 1000.541310
  69.224031 1003.944472
  81.182296 1003.618274
  56.587802 1002.308480
  59.717033 1002.407324
  59.360678  999.946329
  43.967088  995.148889
  77.764481 1000.659242
  49.343550 1001.932930
  66.271267  997.154173
  55.945772 1000.538841
  55.930552 1006.299258
  38.949588  992.921856
  45.294240 1002.995637
  45.214678 1002.740361
  50.251527 1001.979029
  48.770714 1005.891946
  47.636657 1005.888543
  43.713079 1005.370328
  32.950751 1004.192061
  63.515407 1000.413344
  61.093969 1006.439182
  59.099247 1000.571168
  62.740406 1007.509299
  62.038667 1005.157075
  84.522072  997.392346
  48.321336 1008.078302
  51.182012 1004.528489
  63.475316 1004.509217
  63.500786 1002.158768
  52.618791 1006.712089
  39.985381 1005.750133
  66.116758 1001.532542
  63.056196 1001.758705
  55.604886  999.720002
  34.196710 1005.280423
  54.618370  998.261790
  48.029301 1001.926198
  55.596671 1005.551765
  49.998145 1003.229161
  40.900378 1004.994059
  68.444628  998.440848
  63.453264 1004.553697
  62.178291 1005.018723
  61.913298 1002.183425
  54.097169 1003.563713
  42.899465 1006.280542
  37.638147 1001.591100
  58.548414 1004.440107
  43.348828 1004.114504
  50.728566 1002.619335
  46.369463  996.411914
  48.763323 1003.004919
  44.717284 1004.013751
  46.382335 1002.067677
  47.004053 1003.099433
  47.576818 1002.101282
  71.247203 1002.372488
  56.747438  996.186625
  76.615780 1005.669353
  62.515149 1003.162003
  37.788574 1000.974596
  50.274516  999.693214
  64.650804 1001.938226
  49.207524 1001.851196
  63.601303 1001.300751
  57.636401 1003.913829
  60.268334 1004.000926
  58.347632  998.077351
  64.006169 1004.044213
  47.070833 1000.310215
  59.101479 1002.240664
  46.718500 1000.357505
  60.262055 1001.134132
  69.450505 1004.826338
  43.037122 1003.801425
  39.904895 1002.665079
  67.645103 1005.592722
  45.645559 1003.607332
  63.264181  999.132344
  75.310754 1003.453221
  68.972663 1003.060265
  55.514732 1004.596424
  49.960531 1004.516431
  49.433143 1007.601536
  60.382088 1006.557959
  63.583508  992.820520
  79.434208  998.159008
  66.201899  998.743447
  65.459184 1004.537237
  49.133665 1005.267067
  71.333412 1006.634619
  50.664877 1005.514205
  66.579618 1004.335471
  56.713331 1007.308179
  65.937229 1002.705778
  51.166526 1002.311133
  70.346731 1005.572920
  48.217025 1001.452604
  76.940966 1003.261893
  59.914591  998.152324
  66.987883 1004.631356
  61.685647 1004.777861
  62.986803 1004.282213
  86.305010 1006.203603
  58.255656 1003.657411
  54.086434 1002.993954
  63.991522  998.443946
  77.396285  994.896065
  72.946255 1002.332147
  89.589776 1001.024780
  68.480840  997.646552
  87.094540 1002.213401
  64.543987 1003.571993
  63.464872 1005.442032
  70.121627 1001.491168
  81.989603 1006.757450
 107.989920 1004.299457
  93.011982 1001.458308
 100.454931  998.075518
  66.387582 1001.087967
  99.565239 1004.946420
  65.639613 1004.557326
  73.051649 1002.765150
  94.439335  999.855763
 104.357195 1001.731203
  92.989730 1003.623304
  99.449525  998.460354
  61.574163 1002.571193
 104.867754 1007.118009
  46.897331 1004.148800
  83.153250  999.157300
  62.365511 1001.561658
  81.430047 1002.284034
  81.681873 1003.143687
  86.255674 1006.132282
  98.440964 1001.897485
 107.399964 1007.620812
  90.796621 1008.110066
  80.687514  999.263743
  73.276129 1003.265014
  52.308427 1002.083644
  74.590564 1004.151250
  70.365371 1007.918329
 101.782633 1005.829135
  81.925908 1000.787024
  71.036009 1002.377317
  70.691984 1006.885250
 101.940418 1010.274329
  91.441793 1003.988260
  67.718758 1006.335016
  86.151867 1001.932708
  70.102703 1002.438736
  77.598187 1000.475805
  84.104356 1001.568142
  59.714815 1007.248839
  77.787860 1002.003894
  50.789678 1003.046602
  61.110123 1005.425132
  61.941655 1007.761479
  80.158027 1003.526067
  70.057653  999.390960
  69.855819 1005.632728
  59.833855 1003.835237
  74.540579 1003.724051
  68.793728 1004.922164
  57.642417 1001.525262
 108.501114 1007.708292
 100.579576 1006.589616
 114.855006 1000.335292
  66.984152 1004.352205
  81.333472 1002.970641
  69.948835 1007.451566
  90.206650 1003.500550
  80.015950 1009.047678
  74.344940 1004.156796
  69.957574 1007.999257
  84.012688  997.062437
  85.017754 1004.920518
  86.739856 1003.513869
 109.979878 1003.806303
  91.632965 1003.716445
  86.567390 1006.439828
 103.384471 1004.910447
  72.232420 1004.730088
  82.247786 1007.638603
  80.828165 1005.778247
  91.455568 1000.423145
  67.666124 1006.107642
  92.752164 1005.109094
 102.532433 1007.014729
  86.852602 1005.787125
  59.437127  999.789108
  66.367190  998.799303
  67.993186 1005.473134
  61.781320 1006.226742
  82.745855  999.892699
 112.721784  995.472874
 115.400963 1004.771503
  90.600050 1004.347019
  74.214839 1006.205605
  97.355560 1006.696737
  79.059466 1001.203470
 100.912177 1004.589126
  89.935304 1001.860343
  59.676200  997.314289
  55.966537 1003.951978
  95.093794 1005.623233
  61.033753 1005.299683
  69.878389 1001.985112
 110.339982 1002.902837
  85.097677 1001.911325
  89.027944 1007.818267
  63.943524 1006.007885
  87.994648  998.378188
  79.222385 1002.218830
  69.589455 1004.979819
  57.011819 1002.064757
  77.333565 1002.942493
  83.624347  997.135762
 105.716442 1001.221785
  72.254025 1005.240872
  63.921997 1006.220367
  70.864795  997.650134
  72.407366 1003.059153
  52.935234 1003.890828
  80.616299 1004.194174
  60.862866 1002.629752
 100.948438 1004.827543
  63.155921 1004.611690
  66.376320 1005.605789
  75.525077  999.324784
  71.188370 1009.121312
  70.153666 1005.799320
  90.578872 1005.437905
  86.822005 1007.438089
  86.021865 1006.095049
 106.770053 1005.811177
 109.445170  996.210151
  55.798962 1002.950041
 102.256007 1005.406539
  66.972919 1005.457436
  62.144764 1005.011970
  75.301024 1000.904456
  77.014228 1002.364959
 104.634551 1004.507835
  98.008932  996.801626
  94.956104 1002.771435
  69.783276  999.674486
  92.206371 1006.480755
  61.721821 1004.006272
  49.067953  998.664641
  91.676528 1000.248147
 101.093632 1000.451109
  75.973839 1004.149579
  77.624949 1006.102051
  96.926627 1001.074230
  93.491051 1006.115544
  87.808842 1003.655717
  83.309549 1006.957582
  73.161133 1002.094462
  58.199894 1007.167713
  67.276674 1006.259272
  77.256438 1000.612016
  95.067699 1001.363439
 120.432248 1004.941726
  92.703822 1001.767128
 120.717340 1005.670525
  75.450095 1002.887208
  75.274099 1005.040725
  92.538340 1002.250591
  92.283782 1006.520064
  82.525781 1009.035065
  68.943777 1003.670546
  78.156665 1003.864141
  88.012128 1008.070659
  93.813470  991.502883
  88.864185 1003.030850
  87.981904 1006.029075
  96.980244 1005.685233
  88.409550 1004.365540
  87.866335 1004.180476
  69.953407 1006.334412
  88.424507 1007.793114
  75.303293 1003.087503
  93.938763 1006.859716
 104.587280 1003.382399
  77.767994 1006.016176
  76.633003  997.886102
 101.089766 1002.502876
  91.461854 1002.532794
 111.692063 1005.772139
  83.216171  999.605100
  90.375541 1005.338171
  85.438280 1010.631602
  89.589287 1005.905865
  77.374780 1005.314509
  64.730840 1003.025913
  66.690847 1001.335215
  83.829300 1005.641660
  73.846294 1007.042919
  75.483464 1000.768075
  98.797514 1006.718004
  96.341232 1007.838295
 117.132462 1007.883839
 120.710088 1001.488101
 111.303193 1005.072054
 135.697274  999.912598
 111.198337 1007.341574
 116.381562 1004.092989
  93.014772 1005.299636
  87.761134 1001.417606
 108.223444 1000.012797
 107.912811 1006.320067
 142.841839 1003.987069
 124.798331 1003.662654
  71.727110 1001.951676
 101.991679 1000.326636
  96.389153 1002.380518
  88.006589 1005.356581
  65.326542 1000.905228
  55.374482 1004.007374
  79.488196 1006.018573
  89.502279  998.443257
 103.555428 1007.023278
 118.700832 1003.510934
  88.030107 1007.313548
  78.761199 1006.499953
  70.345231 1002.364320
  88.499483 1004.429087
  59.790472 1004.140507
  90.989683 1002.634386
  67.918416  999.744436
  62.654616 1005.322870
  80.761019 1002.366261
  72.882678 1007.863985
  81.350606 1003.208922
  68.728417 1004.764605
  92.743869 1003.092173
  71.895126 1005.200791
  73.896734 1000.942051
  86.464144 1002.291496
  86.219821 1006.854269
 101.120945 1005.874282
  96.406660 1006.254044
  70.432076 1003.847697
  67.691413 1004.554832
 104.831737 1005.396934
  89.585470 1006.241633
  77.325607 1006.239632
  78.901618 1006.754764
 102.429023 1007.495873
  91.789627 1003.732806
  67.139060 1007.712642
  75.012024 1003.766669
  88.344678 1004.287155
  85.221337 1000.907110
 103.173982 1001.655931
  79.889610 1004.728813
  68.473745 1007.890573
 106.212816 1005.131248
  73.711387 1004.633558
 115.579707 1000.559265
 122.181382 1005.833288
  98.675339 1005.471828
  62.962553 1004.065124
  61.120038  999.988551
  82.798290 1002.387794
  68.672264 1007.870823
  72.910208  999.035018
  76.838260  997.188808
  97.841827 1006.062144
  87.529526  999.380778
  68.311192 1004.480950
  78.212909 1007.524032
  98.160450 1004.248378
  61.045272 1003.034812
  91.313295 1002.143187
  68.447843 1004.584278
 111.205748 1003.217863
  82.342395 1002.390291
 107.671688 1002.134611
  89.843705 1003.032376
  79.961413  995.863368
 104.403868  998.327191
  82.946508 1005.455469
  68.654269 1003.572469
  93.815068  991.679874
 101.023733 1005.293788
 101.115941 1002.527185
  62.626959 1004.272248
  77.950937 1005.263011
 101.897354 1006.721163
  89.709788 1004.818617
  69.447057 1002.912517
  98.495808 1005.889431
  67.347659 1005.627307
  53.331063 1005.886996
  61.383079 1004.156214
  67.238422 1007.222767
  86.297541 1004.779761
  94.708432 1006.930966
  62.562658 1004.120903
  76.680554 1001.664833
  82.075753 1003.402814
  61.308475 1004.601090
  86.530622 1002.997372
 108.658850 1006.798857
  93.459830 1006.246634
  48.613255 1004.130325
  78.707988 1003.047019
  51.897015 1005.963604
  71.310467 1006.469188
  56.965689 1008.233477
  60.032961 1001.880993
  62.040835 1001.862291
  41.616353 1004.736918
  55.153035 1006.075364
  53.997506 1006.251192
  85.108049 1004.990480
  66.987514 1001.723678
  58.112420 1003.230017
  59.164401 1002.792123
  79.164410  996.471270
  61.336253 1002.806877
  51.708754 1005.069619
  61.331941 1003.702094
  65.059112  999.440314
  71.704216 1004.618957
  91.847232 1004.267760
  79.535646 1006.051667
  79.108802  998.458957
  82.357791  999.451645
  82.077413 1007.587953
  83.088053 1002.271485
  60.151149 1005.818519
  58.042706 1003.016344
  59.207528 1002.541385
  69.260091 1006.640774
  76.162736 1005.632319
  75.698933  999.299196
  56.486448 1004.722145
  81.792156  999.370231
  59.758497  998.120437
  87.747597 1001.499513
  54.888328 1005.855642
  48.912124 1004.421656
  61.623221 1004.154657
  55.232910 1000.413365
  81.945114 1003.349088
  77.272736 1002.524734
  74.829501  995.844996
  65.627878 1006.316345
  66.099310  998.794946
  79.021927 1001.858409
  93.363916 1001.045790
  73.597246  998.269022
  67.778538 1008.137205
  53.495886 1006.185584
  57.496643 1000.778629
  59.402480 1003.214209
  66.084821 1006.103227
  78.002898 1000.523559
  61.652655 1002.406286
  65.065097 1001.457239
  79.787727 1000.418267
  74.551450  999.399418
  64.433248 1006.569315
  48.224462 1002.092056
  63.709314 1003.444928
  61.024800 1003.935287
  51.125449  995.139949
  67.762680 1002.762639
  65.405558 1005.447784
  85.229340  998.795119
  59.855104 1004.454605
  51.448847 1006.003805
  69.343393 1000.289362
  83.147819 1004.844928
  74.482058 1005.155778
  61.024415 1002.892727
  76.747586 1005.477634
 100.027354 1005.359788
  87.349535 1000.878380
 105.634314  999.902080
 100.409992 1003.888292
  50.469587 1003.460404
  78.171949 1002.738019
 112.527458  997.553927
  80.524479 1007.583333
  84.902109 1006.188070
  89.307807 1005.451787
  80.676096 1001.640079
  59.202539 1006.216781
  83.433457 1006.398902
  93.293627 1005.553281
  76.409067 1002.821513
  75.729748 1002.388675
  87.028164  999.495741
  82.234595 1004.196822
  97.990351 1007.646622
  63.243411 1006.357400
  73.284842 1005.861177
  69.668939 1004.343908
  66.689285 1005.613031
  80.107224 1009.512890
  61.026196 1006.067986
  61.360462 1003.818612
  88.651848 1003.449711
  78.020270 1007.659365
 100.222948 1009.199025
  68.444075 1000.582331
  59.569576 1003.929219
 104.145088 1002.976632
  66.973016 1004.477938
  87.860551  998.397677
  69.438093 1003.403954
  70.381741 1003.462788
  98.854102 1002.338870
 118.589725 1006.734891
  77.854774  997.304920
  92.449133  996.949408
  70.283959  998.625292
 105.202243 1005.338706
  74.227281 1000.772758
  78.638253 1004.339047
  72.466977 1002.025637
  65.526817 1001.708601
  55.833555 1003.872611
  92.653832 1005.148306
  95.810956 1003.307150
  86.964800 1009.181035
  79.968061 1004.574980
  67.162716  998.709526
  86.707973 1006.561616
 110.753074 1002.568218
  59.072471 1004.359670
  51.905966 1005.505383
 104.753899 1002.439239
  93.214212 1001.827112
 106.741727 1004.785464
  73.814910 1006.737291
  98.387407 1006.115595
  88.274624 1008.744282
  87.754480 1006.725085
  82.494972 1004.643642
  62.173787 1004.809956
  78.967271 1003.998469
  78.439591 1002.495434
  65.242756 1002.402111
  90.301719 1002.948694
  85.014266 1005.475863
  92.242017 1003.882142
  95.906690 1004.686953
  70.801980 1000.635158
  59.657520 1007.233238
  80.984407  999.774748
  92.724824 1002.757269
 106.087796  999.326550
 121.914297  999.708830
 105.640126 1007.102161
 117.247298 1002.637365
  79.301485 1003.437370
  74.614948 1007.988322
  83.291642 1005.261653
  87.924706 1008.557608
 103.852546 1007.517020
 100.920092 1005.326693
  75.426696 1005.358201
  97.325393 1004.350409
  95.124347 1005.067882
  91.884091  998.936950
  86.271376 1003.440692
 126.695172 1005.198673
 137.004191 1005.367856
 123.117154  998.027687
 112.613310  999.704756
 119.458330 1009.926011
  97.420204  999.980423
 115.663460 1007.080813
  85.213221 1004.185511
 110.370697 1001.920767
  66.225056 1001.036663
  94.726909 1008.757105
  73.976376 1007.739333
  66.341996 1000.373920
  68.154152 1004.632438
  70.704362 1003.134993
  92.033779 1004.215278
  70.486537 1002.648271
  95.719731 1004.199719
  81.350404 1006.048145
  66.715146 1004.151640
 104.932226 1004.723847
  86.075731 1001.023580
  81.015089 1005.064645
  99.535266 1008.745861
 107.965312 1002.729374
 103.015822 1005.510626
  64.998655  998.210461
  62.884890 1002.290749
  78.070540 1001.162783
  59.059208 1004.586226
  63.730179 1002.654985
  80.883788 1006.633643
  94.490853 1008.582971
  83.872562 1009.329530
  86.376714 1006.208938
  78.648010 1008.991507
  76.069602 1005.681987
  69.515997 1006.615565
  87.873101 1005.672272
  60.610791 1004.813546
  63.580393 1007.219107
 100.223382 1002.668769
  70.692277 1004.149730
  78.502894 1002.490232
  92.847321 1001.245977
  97.356133 1003.660721
  71.164610 1003.651605
  80.781549 1005.461149
  65.406747 1002.031497
  96.909521 1001.814770
  78.928042 1004.993837
  53.549857 1003.236894
  74.897074 1003.552991
  61.873060  994.937699
  64.784018 1001.353338
  97.196234 1001.590041
  51.665157 1004.568465
  70.738600 1000.613070
 103.457388 1008.157100
  68.318282 1004.548729
  80.127670 1006.092651
  83.611903  995.893683
  79.064851 1005.134460
  83.520562 1001.168137
  80.567262  998.754247
  72.813434 1004.555255
 101.831841 1000.545911
  80.779030 1000.761250
  64.202978 1007.219642
  98.572423 1002.553774
  51.688309 1000.859921
  94.540671 1001.286092
  86.888568 1002.314382
  79.904349 1004.299665
 104.145968 1006.425363
  85.869618 1001.598719
  93.655352 1001.463046
  62.747099  998.504893
  85.360773 1007.165640
 110.990731  997.327471
  90.253897 1000.429361
  90.986076 1001.086932
  95.238981 1001.402485
  73.760242 1001.352270
  99.001806 1003.615050
  63.152700 1004.812327
  51.439231 1003.579565
  82.230610 1003.637079
  70.937825 1002.421124
  83.878114 1001.485201
  99.392337  992.737311
  79.200443 1003.157984
  82.760393 1002.373473
  91.334403  999.759821
  76.007765 1005.532501
 105.419080 1004.597885
  92.578072 1006.415971
  74.864468 1006.199162
  77.925284 1007.993234
 128.197028  997.866372
 103.948050  998.905846
