 0.239975  1.339603
 0.235691  1.412674
 0.545431  1.180018
 0.598956  0.764418
 0.446182  1.084307
 0.339163  0.495151
-0.017846  1.222582
-0.404674  0.494733
-0.199234  0.531997
-0.548349  1.011275
-0.516767  0.664279
-0.428846  2.286252
 0.049406  1.194132
-0.096557  1.081645
 0.219477  0.680345
-0.032147  1.009701
-0.248149  0.756600
 0.035843  0.768007
 0.051122  1.346009
 0.638315  0.292911
 0.733472  1.761762
 0.809320  0.674751
 0.791495  0.450428
 0.614253  0.695614
 0.718037  0.636535
 1.410437  0.878031
 1.147671  0.482459
 1.200450  1.162542
 0.929787  0.719524
 1.090032  0.566703
 0.953812  0.607101
 1.018287  0.641706
 1.081574  0.425642
 1.278988  0.491037
 1.315874  0.771860
 1.290242  0.719315
 1.043517  0.825016
 1.004591  0.346428
 1.103316  0.499095
 1.611484  2.456546
 1.789596  1.463233
 1.483124  1.234865
 1.462097  0.618579
 1.366130  0.617366
 1.041755  0.623721
 1.369082  0.592498
 1.443353  1.337901
 1.374137  0.490769
 1.092426  0.651876
 1.020671  0.394163
 0.069512  0.572182
 0.086698  0.986758
-0.097629  0.711865
 0.341904  0.746068
 0.523837  0.723706
 0.244575  0.370760
-0.168872  1.652071
 0.408642  0.486938
 0.874963  0.838925
 0.665885  0.359157
 0.601175  1.032242
 0.514698  0.643554
 0.195391  1.006798
-0.154746  0.636295
 0.358367  0.468022
 0.551274  0.657157
 0.928363  0.806817
 0.541890  0.718419
 0.198994  0.744160
 0.750142  1.117830
 0.323802  0.720073
 0.538049  0.491098
 0.308217  1.291414
 0.216558  0.870233
 0.355575  1.306594
 0.303827  0.261729
 0.319549  0.895693
 0.340061  1.714795
 0.801499  1.118264
 0.276145  0.549897
 0.632246  0.521066
 0.421658  0.805538
 0.517091  1.175817
 0.033401  0.736312
-0.211569  2.199231
-0.095251  0.926128
-0.076190  0.536857
-0.158951  1.523107
 0.001610  1.457822
-0.236073  0.714357
-0.366467  1.195316
 0.345344  1.070260
 0.197236  0.944556
 0.465151  0.533835
 0.736831  1.062765
 0.197107  1.491182
 0.265679  0.470529
 0.212077  3.608354
 0.106245  0.857561
-0.073617  0.689654
 0.578728  0.663372
 0.892664  0.656746
 0.743713  0.501979
 0.668867  0.505348
 0.599146  0.283995
 0.579992  0.806013
 0.150867  2.211284
 0.449772  0.695142
 0.455426  0.930689
 0.708756  0.975377
 1.045471  0.939852
 0.566879  1.959837
 0.177398  0.711807
 0.128066  1.080140
 0.699553  1.801975
 0.887158  1.569174
 0.525344  1.065219
 0.595658  0.545549
 0.567727  0.282797
 0.507661  0.442714
 0.950940  1.193420
 0.608774  2.641596
 0.352402  0.573438
 0.379185  0.850609
 0.264329  1.131744
 0.563028  1.399872
 0.799943  0.981778
 0.014887  0.800539
 0.371659  0.510485
 0.835085  1.453174
 0.392861  0.789222
 0.597491  1.023016
 0.772030  1.455095
 0.530397  0.926575
 1.153036  1.741969
 1.062427  1.006013
 1.099378  0.662100
 0.743808  0.781277
 0.775484  0.501290
 0.763787  0.606252
 0.662124  1.865282
 0.599025  1.827046
 0.297087  0.880419
 0.322028  2.014844
-0.070529  1.068358
 0.053484  1.159011
-0.208638  0.824199
 0.518237  1.674322
 0.028882  3.543987
 0.289027  0.566438
 0.526065  0.766187
 0.463601  1.125658
 0.618249  0.668386
 0.701219  0.527680
 0.673283  1.053331
 0.619498  1.997663
 0.294314  0.586193
 0.334068  0.466672
 1.009992  0.604372
 1.245240  1.181652
 1.322198  2.202559
 1.026105  2.281222
 0.872135  3.963364
-0.182248  1.965182
 0.016123  1.065893
-0.187204  1.696539
-0.155663  0.537136
-0.262027  0.802290
-0.091830  0.904376
 0.087805  0.404410
 0.313277  1.201719
 0.511956  0.615337
 0.583042  0.388893
 0.488720  1.051305
 0.677015  0.978250
 0.350139  1.216724
-0.137366  0.384614
 0.054335  1.998197
-0.487870  0.609296
-0.359493  2.175899
-0.121380  1.600938
-0.198840  0.352485
-0.120891  1.662201
 0.103785  0.864927
 0.261661  1.015597
 0.433550  0.677552
 0.506061  0.935945
 1.008665  0.913298
 1.082759  1.095262
 0.580699  1.250173
 0.647311  1.311095
-0.126944  1.580281
 0.440560  0.701138
 0.659733  0.641368
 0.637855  0.672718
 0.218924  1.176990
 0.279909  0.667141
 0.368376  0.814641
 0.260683  0.964144
 0.092069  0.646373
 0.229030  0.868392
 0.115298  0.671850
-0.157144  1.003750
-0.170034  0.452200
 0.138444  0.617853
-0.313551  1.974462
-0.082232  0.541266
-0.360603  0.902643
 0.346786  0.686265
 0.230805  0.585043
 0.293336  0.360178
 0.166338  0.510788
 0.140884  1.021240
 0.362873  0.914751
 0.586875  2.350870
 0.582869  0.761930
 0.367444  1.340125
 0.539657  0.809112
 0.408002  0.686889
 0.733364  0.710825
 0.556439  0.345155
 0.595792  1.163276
 0.479302  1.140461
 0.600171  0.658573
 0.379573  0.251252
 0.252173  0.545151
 0.304211  0.334585
 0.410783  0.785778
-0.341157  0.604394
 0.105811  0.672285
-0.142253  0.692774
-0.043110  0.340972
 0.047179  0.488804
 0.155661  1.458015
 0.360757  2.188992
-0.076209  1.335007
 0.518412  0.490979
 0.686560  0.206094
 0.636643  0.606278
 0.347935  0.861843
 0.182013  1.428820
-0.112668  0.970203
-0.121975  0.510447
-0.124260  0.682122
 0.087333  1.051107
 0.432327  0.830138
 0.353338  1.198305
 0.707729  1.310540
 0.697294  0.346668
 0.546835  0.758321
 0.486362  1.097471
-0.007804  0.395195
 0.104093  1.273675
 0.402055  1.435814
 0.688926  0.527286
 0.419139  0.756173
 0.355597  0.222261
 0.389954  0.857873
 0.608415  0.608678
 0.438751  1.126348
 0.056392  0.778730
 0.432835  0.831175
 0.584195  0.904581
 0.345959  0.720657
-0.123786  0.672089
 0.109371  0.746516
 0.644330  0.601979
 0.630498  1.214069
 0.612732  0.731481
 0.910482  0.884536
 1.130278  0.906830
 0.858302  0.643923
 0.788497  0.416771
 0.348059  0.606448
 0.291962  0.744311
 0.043142  0.878396
-0.172769  0.950839
 0.324908  1.071817
 0.418250  1.132466
-0.131245  1.421000
 0.272960  2.863636
-0.110127  0.668552
-0.189797  2.225032
 0.280116  0.670018
 0.112809  0.890272
 0.120730  0.723879
 0.124205  0.561504
 0.428348  0.549582
 0.373412  0.477015
 0.626331  1.497598
 0.927738  0.589957
 1.188866  0.404367
 1.086471  1.357708
 1.101342  0.400145
 0.939901  0.836726
 0.932868  0.715633
 1.148786  0.708242
 0.939995  0.609395
 0.767581  0.745156
 0.614070  1.043688
 0.539371  1.401532
 0.812132  2.268671
 0.819058  1.035733
 0.421667  1.122663
 0.122715  1.177000
 0.654878  1.749150
 1.096074  1.505461
 0.782642  0.938576
 0.828914  1.055142
 0.604646  0.459888
 0.771095  1.021967
 0.578798  0.656871
 1.020784  0.603530
 0.604189  1.323076
 0.117790  0.881288
 0.357256  0.617929
 0.460251  1.022700
 0.633738  1.217413
 0.664328  1.114114
 0.495196  0.568377
 0.704659  0.490027
 0.822093  0.266499
 0.476585  0.452444
 0.534419  1.112452
-0.043606  0.814606
 0.160480  0.960430
 0.462944  0.636770
-0.019539  0.593267
-0.107602  0.898055
 0.108891  0.728165
 0.580370  0.632225
 0.451636  0.302432
 0.687376  0.396120
 0.602361  0.446546
 0.460564  0.563414
 0.509108  1.391453
 0.040898  0.473462
-0.327965  3.334723
 0.090089  0.638382
 0.007628  0.603300
 0.095752  0.379690
 0.600399  1.078072
 0.271510  0.298135
-0.060212  1.040928
 0.306920  0.561083
 0.262272  1.054277
 0.266851  0.910894
 0.250232  0.748492
 0.399245  0.335106
 0.645940  0.909728
 0.416195  0.460898
 0.591394  1.266405
 0.327323  0.355178
 0.028459  0.480795
 0.392892  0.968989
 0.514014  0.958929
 0.358482  1.000165
 0.501946  0.665847
 1.251831  1.554301
 0.670224  0.478710
 1.274172  0.826295
 1.074085  1.572574
 0.905891  1.030895
 0.451670  0.660345
 0.746908  0.645994
 0.642406  1.076069
 0.639972  0.993548
 1.134493  0.596993
 1.043274  0.815927
 0.772041  1.030640
 0.853694  0.823023
 0.663723  0.823820
 0.692917  0.368902
 0.766352  0.594205
 0.779027  0.473111
 0.994448  0.686083
 0.975041  0.776127
 0.631400  0.485684
 1.139928  0.843324
 0.888413  0.712763
 0.471066  0.621257
 0.440743  1.417961
 0.478754  0.922682
 0.817631  1.673793
 0.557193  1.261614
 0.819910  0.688126
 1.086686  1.205713
 1.019249  0.804314
 0.345061  2.859911
 0.676166  0.609444
 1.148743  0.443581
 0.757787  0.759345
 0.817741  0.478723
 1.092993  0.447540
 0.801862  1.562094
 0.849407  0.721334
 1.350830  1.514514
 1.358262  1.070087
 1.263936  1.546240
 0.887966  0.998267
 0.249521  0.528275
 0.609854  0.666482
 0.788449  0.999539
 0.855310  0.446229
 1.018142  0.935773
 0.768670  0.511035
 0.236494  0.415170
 0.509697  0.499888
 0.588525  1.367253
 0.322636  0.968180
 0.190360  0.519337
 0.467403  0.482778
 0.320098  0.620263
 0.529670  1.146655
 0.468592  0.994065
 0.806132  1.805148
 0.767219  2.217547
 0.523396  0.675643
 0.703186  0.443346
 0.723882  0.628530
 0.052527  0.381945
 0.338600  0.524766
 0.525248  0.321955
 0.982938  0.572925
 0.546739  2.076006
 0.567910  1.990577
 0.573882  0.633177
 0.172766  0.585102
 0.155494  0.570387
 0.695510  1.452555
 0.249589  0.733374
-0.206213  0.513093
-0.097118  1.111617
-0.168941  0.995152
-0.260138  0.470203
-0.664459  1.410733
-0.100555  0.659564
-0.091175  0.811354
-0.152084  0.718218
 0.409523  1.709600
 0.732212  0.762097
 0.861530  0.474417
 0.933051  0.601124
 1.126208  2.457716
 1.485211  0.802455
 1.284816  1.463143
 1.126433  0.493741
 0.394359  0.776491
 0.080550  1.063679
 0.066871  0.643344
 0.137397  0.494002
-0.067165  0.798898
 0.266741  0.713025
 0.138817  0.849902
-0.400111  0.904300
-0.157158  1.519785
-0.116602  0.984683
 0.253634  0.824990
 0.056428  0.882919
 0.830112  0.509347
 0.796129  0.963688
 0.731953  0.953400
 0.270118  0.666717
 0.240522  0.474616
 0.453184  0.287945
 0.632361  0.604865
 0.645612  0.678424
 0.322424  1.750708
-0.015400  1.293176
 0.407469  0.784486
 0.679373  2.168804
 0.510589  0.883685
 0.521464  0.483268
 0.462034  0.518927
 0.656218  1.005244
 0.620672  0.970192
 0.999727  1.198050
 0.553849  0.966578
 0.523580  1.320164
 0.621453  0.661657
 0.301248  0.761565
 0.771235  1.187248
 0.509753  0.639191
 0.648498  0.879288
 0.967940  1.238027
 0.538415  1.012989
 0.100415  0.517027
 0.131452  0.770019
 0.397229  0.643483
 0.505556  0.692396
 0.699266  0.588960
 0.999250  0.838961
 1.019672  0.587724
 1.021892  0.292955
 0.943426  0.517763
 1.095558  0.642913
 1.074705  0.741155
 1.250242  0.830124
 1.455173  0.690360
 1.243026  0.404665
 0.708463  0.308519
 0.732858  0.821026
 0.620411  0.413106
 0.607139  0.361377
 0.592580  0.226747
 0.506627  1.017727
 0.824649  0.489685
 1.026946  0.564458
 0.883204  0.764613
 0.645004  0.536372
 0.685360  0.275898
 1.101573  0.762635
 0.855059  0.798776
 0.845435  0.905270
 1.021776  1.598122
 1.399547  0.462102
 0.913595  0.276991
 1.324523  0.929239
 0.941676  2.967537
 0.915097  0.312387
 0.727635  0.599012
 0.769063  0.385628
 1.124469  1.288767
 0.987922  0.575198
 1.039517  0.518659
 0.885885  0.590979
 1.034639  0.550735
 1.108018  0.727622
 1.349559  0.472301
 1.080377  0.595878
 0.970092  0.943216
 1.323022  0.372997
 1.157311  0.865134
 1.243251  0.904861
 1.068475  0.542954
 0.665948  0.615014
 0.666280  0.516556
 0.721927  0.690889
 0.896204  0.292033
 1.167701  0.598201
 0.953933  0.552280
 0.947337  0.559422
 0.334099  0.784151
 0.505312  0.589528
 0.203283  1.273832
 0.458242  0.430665
 0.672422  0.582951
 0.711509  1.220920
 0.842525  0.563060
 0.266634  0.652903
 0.303795  0.747605
 0.373553  1.065032
 0.067234  1.340336
 0.168015  0.997317
 0.301112  0.434144
-0.091267  0.594552
 0.215070  0.394151
 0.349604  0.986303
 0.051871  1.496630
 0.598508  1.401541
-0.038403  0.800130
 0.465925  0.780656
 0.504894  0.769569
 0.841241  0.577155
 0.653352  0.826928
 0.885325  1.354177
 0.185817  0.750229
 0.238861  0.829236
 0.459652  0.577580
 0.732562  0.514114
 0.816353  1.472508
 0.999432  0.826986
 0.805976  0.717334
 0.475452  0.440535
 0.642599  0.674499
 0.452219  0.506794
 0.533202  0.592553
 0.877486  0.643697
 0.623757  0.551663
 0.741789  0.747392
 0.199464  0.979057
 0.702608  0.834427
 0.835090  0.542199
 0.459234  0.590940
 0.579419  0.534748
 0.662001  0.634265
 0.294332  1.474936
-0.052455  2.046891
 0.086315  0.952790
 0.260988  1.028973
 0.011305  0.479000
 0.029679  1.167638
 0.029484  0.700080
 0.570370  0.604439
 0.590048  1.729350
 0.673415  0.719374
 0.321032  0.589827
 0.416562  0.439722
 0.431879  0.384997
 0.309196  0.530155
 0.263175  0.401266
 0.664859  1.260046
 0.197169  0.771693
 0.003870  1.784021
 0.293704  1.096688
-0.150529  0.613654
 0.026825  0.409681
-0.458101  0.996496
 0.267683  0.393443
 0.418696  0.748280
 0.445163  1.189453
 0.259291  0.593102
-0.234613  0.533278
-0.163825  1.243432
 0.479059  0.542874
-0.192809  1.027465
 0.060975  1.160194
 0.029455  0.485568
 0.278040  1.004406
 0.366185  0.448493
 0.046112  1.456358
 0.221209  0.636720
 0.136052  0.445838
 0.194686  1.422337
 0.301032  0.592161
 0.393642  0.843036
 0.013228  0.575263
 0.062454  1.896009
 0.442798  0.390791
 0.481041  0.443490
 0.404225  0.250787
 0.168061  1.471612
 0.138535  0.767997
 1.154997  0.620863
 1.082328  3.356622
 0.434485  0.272760
 0.733310  0.540756
 0.414875  0.678254
 0.401717  0.494311
 0.704074  1.170529
 0.539361  0.660829
 0.607678  0.415732
 0.764869  0.467864
 1.352264  5.605855
 1.279353  0.953775
 0.636033  1.081351
 0.172279  0.649621
 0.531520  1.923459
 0.768982  1.089780
 0.943153  0.317608
 1.058676  0.499344
 1.016871  1.020552
 0.976564  0.515580
 1.038116  1.060840
 0.974345  0.354353
 1.177138  1.291829
 0.927095  0.824954
 1.043653  0.860039
 1.101242  0.809766
 1.743150  0.768149
 1.505455  0.678839
 1.187854  0.396676
 1.020846  0.306712
 1.084136  0.786242
 0.552409  0.781503
 0.406364  1.045128
 0.389531  0.994537
 0.133838  0.727632
-0.132794  0.848602
-0.315926  1.106857
 0.320380  0.802910
 0.166749  0.796777
 0.019081  1.305774
 0.176915  1.464874
-0.247035  1.005886
 0.046617  1.013092
 0.252918  1.429213
 0.157028  0.322310
 0.273962  0.673769
 1.004707  0.599370
 0.425964  1.039554
 0.196323  0.679950
 0.512667  0.838981
 0.466577  1.509793
 0.458941  0.658550
 0.364241  0.687210
 0.060128  0.588309
-0.010247  1.224587
 0.303723  0.569156
 0.167665  0.798868
 0.434392  0.472958
 0.541286  0.458244
 1.186309  1.560272
 1.280842  0.354016
 1.265339  1.178660
 1.393829  0.752390
 0.680629  0.705188
 0.625093  0.580586
 0.489204  0.534542
 0.208935  0.768353
 0.107011  0.786107
 0.281720  0.469969
 0.724030  0.784270
 0.513941  1.001496
 0.309683  1.043512
 0.332204  0.438943
 0.487514  0.381109
 0.052288  0.756534
 0.259259  1.675689
-0.320804  1.070346
 0.076972  0.618696
-0.108573  0.675889
 0.390073  0.712209
 0.193572  0.653901
 0.299956  0.695546
 0.450349  2.218324
 0.479843  1.041753
 0.626910  1.307141
 0.391759  0.501802
 0.481470  0.837417
 0.521606  1.220536
 0.103496  0.888906
 0.011209  1.309612
 0.907044  0.986039
 0.148365  1.222486
 0.239421  0.503695
 0.465304  0.412367
-0.313073  0.787786
 0.085827  0.927379
 0.018751  1.666151
 0.210005  0.624973
-0.275319  1.048216
-0.287546  0.848011
-0.567710  1.030072
-0.617602  1.204618
-0.365256  1.771024
-0.296202  1.133476
 0.181546  0.660622
 0.509574  0.769409
 0.471510  0.845855
 0.774623  0.534331
 0.286661  1.412971
 0.560526  0.383480
 0.359449  0.437896
 0.544749  0.636966
 0.334234  0.436470
-0.039659  1.473582
 0.106192  0.690628
-0.313421  1.095460
 0.437284  0.565366
 0.218791  0.459611
 0.094965  0.947951
 0.173458  0.892714
 0.750621  0.604513
 0.558766  0.946171
 0.297482  1.115310
 0.005499  0.531587
-0.020155  1.286369
-0.022987  0.844009
 0.377319  0.614323
 0.623623  1.179429
 0.925937  0.845343
 0.268379  0.205375
 0.224837  1.075836
 0.416998  1.256522
 0.061165  0.941289
 0.357209  0.696590
 0.452891  0.358784
 0.039820  0.809719
-0.072620  1.292439
-0.039904  0.864414
 0.359440  0.864311
 0.778167  1.573468
 0.967369  0.460253
 0.272926  0.775109
 0.341047  0.600540
 0.133719  0.435051
 0.176071  1.597056
 0.438442  0.723669
 0.008343  0.492813
 0.247065  0.705046
 0.557235  1.824106
 0.333005  0.419051
 1.020521  0.915334
 0.362954  0.515413
 0.898294  0.949870
 0.374481  0.470190
 0.862836  0.595296
 0.770051  1.202946
 0.911130  0.613884
 1.002737  0.926729
 0.912695  1.068344
 1.107953  0.773452
 0.881806  0.809911
 0.218922  0.650538
 0.146439  0.504670
 0.003770  0.810341
 0.077791  0.997952
-0.012700  1.175751
 0.129735  1.334145
-0.297895  1.067144
-0.188205  0.476537
-0.348111  1.554234
-0.400789  2.169722
 0.639761  0.394457
 0.275665  1.077470
 0.583792  0.414433
 0.397312  1.608882
 0.686247  0.641594
 0.519385  1.005818
-0.288367  0.655665
 0.007639  0.881873
-0.549313  1.037539
-0.061544  0.915320
-0.095344  1.004788
-0.163855  1.295238
 0.213906  0.642332
 0.513251  1.157992
 0.022188  0.630046
-0.321719  1.400857
-0.549751  0.600220
 0.035901  1.112821
 0.095018  1.073263
 0.188010  0.496387
 0.472641  1.035221
 0.771588  1.127263
 0.076872  0.430439
 0.204495  1.399777
-0.002127  0.475347
-0.030250  0.592786
 0.067811  0.506447
 0.256737  0.733166
 0.258339  0.782979
 0.128824  0.747099
-0.337290  1.025657
 0.222681  0.695083
-0.251408  0.603326
-0.149502  0.900434
 0.227653  0.642288
 0.267745  0.708980
 0.596960  0.821450
 0.631384  0.594822
 0.962404  1.023915
 1.156421  0.749290
 0.686153  0.658702
 0.627446  0.752515
 0.653029  1.582535
 0.548548  0.741032
 0.752169  0.904538
 0.908802  0.941192
 0.721168  0.553463
 0.505355  0.555973
 0.117699  1.154895
 0.366601  0.613874
 0.446448  0.842148
 0.020846  1.065290
 0.005619  0.427669
-0.030710  0.561841
 0.546418  0.600223
 0.733078  0.646895
 0.597699  0.594485
 0.469139  0.299656
 0.354979  0.482610
 0.812870  0.227045
 0.873620  0.398788
 1.048195  0.694148
 1.038894  0.920006
 0.959608  0.312642
 0.666164  0.417688
 0.836404  1.335391
 0.693431  0.546413
 0.776004  0.824732
 0.702709  0.334473
 0.779413  0.886609
 0.490441  0.943826
 0.319713  1.110462
 0.415283  0.746809
 0.080659  0.507457
 0.049210  1.004862
 0.190682  0.774195
 0.872746  1.423229
 0.943498  0.882775
 0.222142  0.494993
 0.552806  0.799987
-0.169389  1.095292
 0.251028  0.865689
-0.210559  1.079129
-0.303328  0.773183
 0.449172  0.649590
 0.417304  0.771363
 0.463271  0.610425
 0.728093  0.534820
 0.497077  0.668563
 0.213472  0.567278
 0.381885  1.129372
 0.166978  0.561944
 0.157981  0.605343
 0.087320  0.632127
-0.147339  0.931016
 0.036656  0.725111
 0.619023  1.514202
 0.517794  1.178442
 0.399386  0.649492
 0.055266  0.606923
 0.733780  0.655127
 0.276069  0.966433
 0.279172  0.463729
 0.419177  2.684013
 0.484441  0.716829
 1.023515  2.000600
 0.625555  0.575478
 0.365854  0.959841
-0.053915  0.872649
 0.304193  0.584503
-0.066397  0.747995
-0.146237  0.474070
 0.566875  0.695126
 0.659782  0.910919
 0.274588  0.481461
 0.283139  0.506986
 0.493484  0.564666
 0.165678  0.468426
 0.628556  1.118952
 0.295938  0.642382
-0.182639  1.422277
-0.337680  2.328018
-0.377720  1.421789
-0.344156  1.099782
-0.007404  1.501000
-0.072968  1.118718
-0.103594  0.403426
 0.307171  0.382726
 0.297434  1.167361
-0.035341  0.576400
-0.031988  0.646241
 0.457453  1.219103
 0.446228  0.963911
 0.380693  0.577935
 0.041519  0.610225
 0.155445  1.061378
 0.138478  0.457304
 0.158537  0.644316
 0.545092  1.743691
 0.356351  0.750510
 0.344603  0.965578
 0.682565  0.617090
 0.312394  4.764893
 0.575712  1.005214
 0.663527  0.397077
 0.992342  1.528394
 0.655630  0.588786
 1.005868  5.108300
 1.155410  0.682030
 0.729572  0.684390
 0.534974  0.844947
 0.570648  0.983113
 0.483556  1.701299
 0.541435  0.773589
-0.114874  0.804008
-0.420189  1.196146
 0.179126  0.516467
-0.004422  0.931683
 0.077743  1.037332
 0.180496  1.578754
 0.345265  0.594067
 0.355637  0.781834
 0.505820  0.630170
 0.450906  0.828408
 0.364817  0.806383
 0.408105  0.576343
 0.480452  1.355687
 0.335028  2.165052
 0.741950  0.909582
 0.422127  0.742319
 0.240946  0.958626
 0.291510  0.779711
 0.676185  1.090865
 0.334814  0.495480
 0.553937  1.738914
 0.338816  0.392861
 0.187490  1.272807
-0.042507  1.284572
 0.082300  0.894490
 0.526342  0.503679
 0.310590  1.351593
 0.662697  1.213055
 0.358072  0.639263
 0.398064  0.671065
 0.320331  0.823284
 0.172707  1.146122
 0.330765  0.436150
 1.102189  0.841749
 0.829861  0.667702
 0.825906  1.683016
 0.406655  0.771049
 0.846351  0.750739
 0.637080  1.693556
 0.545138  1.228541
 0.673588  1.467440
 0.593498  0.977173
 0.910484  0.821690
 0.771752  0.395279
 1.156884  0.685753
 0.581243  0.519771
 0.104820  1.061288
-0.210273  0.616831
 0.083928  2.038810
 0.048936  0.442571
 0.316655  1.031845
 0.488610  0.588535
 0.723839  0.447314
 0.538731  0.620525
 0.501283  0.890797
 0.321754  0.749322
 0.369235  0.802352
 0.490289  0.766631
 0.205279  0.619967
 0.020246  0.512297
-0.063726  0.737452
-0.162366  0.569634
 0.406536  0.575071
 0.245199  1.445075
 0.749350  0.613134
 0.665640  0.685808
 0.657330  0.478748
 0.746634  0.418388
-0.014471  0.356182
 0.202380  0.527599
 0.824287  0.782248
 0.429938  0.813585
 0.260840  0.773373
 0.109886  0.358919
 0.182998  1.928675
 0.228211  0.675450
 0.623840  0.877320
 0.616851  0.933296
-0.039353  0.899484
 0.538505  0.477655
 0.184373  0.675497
-0.108284  0.707542
 0.329998  1.328754
 0.523062  0.547506
 0.764149  0.567540
 0.818405  0.620846
 0.577228  0.446780
 0.686636  0.603305
 0.723644  0.923585
 0.556201  0.518467
 0.605013  0.662792
 1.285416  0.968337
 1.296990  0.962460
 1.470399  0.479658
 0.717364  1.010144
 1.003855  0.508978
 0.892282  0.523807
 0.649265  1.125819
 1.152367  0.763819
 1.108401  0.620260
 0.666861  0.451295
 0.583483  1.349855
 0.141064  0.575246
 0.157812  0.456503
 0.122936  0.547232
 0.007115  0.788822
-0.169499  0.601409
 0.327169  0.382401
 0.205551  0.472852
 0.323883  1.323236
-0.044400  0.652256
-0.019248  1.065800
 0.686321  1.468079
 0.851014  0.411041
 1.297446  0.916758
 0.562717  0.322510
 0.605930  0.913761
 0.479309  1.460116
 0.046359  0.298317
 0.507696  0.501685
 0.706881  1.126018
 0.824923  0.684245
 0.313563  0.381387
 0.171749  0.577482
 0.090639  0.791270
 1.028524  0.987369
 0.924857  0.408763
 0.989841  0.262711
 1.264725  1.474642
 1.132619  0.571688
 1.140159  0.877475
 1.072528  1.284002
 0.433080  0.473494
 0.336627  0.879010
 0.269184  0.731828
-0.110964  1.879555
 0.232093  0.742924
 0.897881  0.648108
 0.563028  1.006424
-0.121459  1.298117
 0.480624  0.607451
 0.856487  1.290630
 0.805470  0.312237
 0.709026  0.381954
 0.716616  1.075559
 0.325719  1.094647
 0.264029  0.982919
 0.325194  0.741665
 0.335888  0.889272
 0.501427  0.227514
 0.075462  1.280851
 0.673110  1.519040
 1.132370  1.289015
 0.790619  1.132933
 0.602039  0.774644
 0.295933  1.202969
-0.097669  0.447807
-0.199804  1.235844
-0.098710  0.640156
-0.337831  0.960544
-0.027849  0.775228
 0.243703  0.496691
 0.666846  0.880684
 0.405246  0.872034
 0.758090  1.676503
 0.327450  0.726111
 0.178946  1.016302
 0.244002  0.571890
 0.225496  0.431042
-0.224729  2.457224
 0.132314  1.338560
 0.220420  0.485877
 0.149665  0.855281
-0.142891  0.651218
 0.092928  1.006054
-0.124888  1.289908
 0.141429  0.548503
 0.221107  0.998702
 0.210201  0.525897
 0.055067  0.949485
-0.066416  1.277678
 0.300325  1.110336
 0.065017  1.090717
-0.010188  0.520306
 0.585206  1.089805
 0.309472  1.295937
 0.506544  0.529615
 0.338627  1.699644
 0.679012  1.376853
 1.002102  1.942651
 0.895085  1.011401
 0.584704  0.680144
 0.517115  0.669078
 0.342059  0.693232
 0.559439  0.573703
 0.550316  0.294509
 1.085700  0.809792
 0.581548  0.447709
 0.750897  1.044904
 0.533569  0.304389
-0.121853  0.422442
 0.593118  1.728566
 0.266623  0.660142
 0.566980  0.706432
 0.660135  0.778274
 0.355106  1.209022
 0.229131  0.427133
 0.658108  0.941563
 0.447153  1.375348
 0.173846  0.504557
 0.130426  0.990621
 0.757218  0.641172
 0.971101  0.998504
 0.464504  0.588028
 0.296149  0.876657
-0.009476  1.092093
-0.141213  0.814708
 0.256860  0.744405
 0.265478  0.832567
-0.031748  0.362853
 0.357062  0.526169
 0.815839  1.042384
 1.012694  1.762346
 0.761981  0.543678
 0.662206  0.939549
 0.648911  0.560126
 0.931286  0.921124
 0.998376  0.621643
 0.929428  1.303233
 0.470311  0.702931
 0.666738  0.921664
 1.018406  0.648703
 0.312839  0.337039
 0.136179  0.341121
 0.251108  1.255439
 0.452368  0.470756
 0.235819  1.830725
 1.043232  1.090847
 0.891651  0.674604
 0.661628  0.679644
 0.797666  0.367715
 0.440905  0.786615
 0.730371  0.822485
 0.651734  0.450004
-0.175462  1.067406
 0.105129  0.828154
 0.062173  0.536892
 0.412153  0.397211
-0.251798  0.738724
-0.564450  1.423868
-0.139266  0.809186
 0.129349  0.499718
 0.252731  1.021419
 0.306205  0.343127
 0.627977  1.208297
 0.646670  0.567226
 0.890211  1.217286
 0.931412  0.974707
 0.526515  0.984610
 0.413726  0.267764
 0.125338  1.743341
 0.298110  0.995712
-0.044473  1.709725
 0.311468  1.138531
-0.023342  0.642950
-0.003588  0.464944
-0.020372  1.072916
 0.413235  0.738327
-0.057044  0.583550
-0.087940  0.847542
 0.306428  0.891588
 0.322337  0.535331
 0.413656  0.902378
 0.610862  0.617539
 0.604517  0.960615
 0.321544  0.966560
 0.579954  0.322890
 0.965220  1.372193
 1.138734  0.734996
 0.437527  1.015078
 0.479362  0.773356
 0.820046  0.581207
 0.695832  1.221963
 0.666044  2.251406
 1.268083  2.304377
 0.682643  1.218723
 0.299206  0.626570
-0.079254  1.011585
 0.465902  0.621815
 0.285767  0.236263
 0.811187  3.225222
 0.261913  0.342650
 0.263146  0.815209
 0.500562  0.385080
 0.522338  0.780654
 0.825992  2.762416
 1.093234  1.187619
 0.226539  0.606498
 0.131289  1.320674
 0.617331  0.718004
 1.067264  2.479305
 1.087502  0.877986
 0.517159  1.275905
 0.248839  0.750148
 0.073913  1.599945
 0.283612  0.953650
 0.433970  0.356054
 0.461052  0.488601
 0.146018  0.993328
 0.804705  0.897147
 1.207364  1.178400
 1.000646  1.998450
 0.330561  1.537936
 0.183742  0.660721
 0.007795  0.940257
 0.175375  0.907243
-0.155951  0.600324
 0.032557  0.625777
-0.193784  1.228924
 0.421058  0.723254
 0.471073  0.875264
 0.295026  0.886231
 0.422436  1.105473
 0.382680  0.876350
 0.374516  1.134661
 0.271012  0.631790
 0.577114  0.616359
 0.350291  0.723797
-0.150229  0.838656
 0.411999  0.453065
-0.135436  1.203125
 0.250563  1.230591
 0.007871  1.067096
 0.110131  0.501464
 0.240514  0.706252
-0.195391  0.864286
-0.284482  0.664898
-0.015244  0.741555
-0.260187  0.962195
-0.029072  0.327791
 0.454365  0.996350
 0.476043  0.606969
 0.847231  1.289921
 1.116240  0.691350
 1.511592  1.548954
 0.604154  0.654698
 0.708188  1.092724
 0.513365  0.996467
 0.401114  0.730806
 0.283547  0.479341
 0.171476  0.488493
 0.257440  2.125815
 0.052169  0.669862
 0.152010  1.191877
 0.400753  0.689749
 0.180617  0.499476
 0.243893  0.539260
 0.239014  0.474746
 0.204731  0.322042
 0.306552  0.731103
 0.700485  1.708449
 0.515955  0.775961
 0.471056  1.114428
 0.455388  1.020366
 0.654469  0.246832
 0.274880  1.023902
-0.250755  1.871083
-0.187721  1.191606
-0.431139  0.685865
-0.399926  1.037290
-0.734274  0.949275
-0.587564  2.362771
-0.627262  1.460889
-0.579028  1.271445
-0.189095  0.778973
 0.391556  0.423617
-0.146985  1.720291
 0.042402  0.943674
 0.227382  0.468506
 0.025791  0.968107
-0.068515  1.178110
 0.485791  1.046566
 0.841881  0.623744
 0.203013  1.386495
 0.011538  0.531040
-0.136000  0.259479
-0.313565  1.298097
-0.160421  1.550903
 0.677278  1.431142
 0.839466  0.819736
 1.069770  1.613046
 1.164471  1.139307
 0.916051  0.822643
 0.471384  0.929301
 0.772375  0.748737
 0.952107  0.496237
 0.267046  0.781401
 0.240251  1.769914
 0.750192  1.734795
 0.851538  0.698384
 0.845464  1.355391
 1.260440  1.231706
 0.493742  2.197198
 0.748658  1.313862
 0.591671  0.540470
 0.290257  0.448161
 0.208243  0.533500
 0.197329  0.887282
-0.453135  0.759961
-0.149180  1.920741
-0.642062  1.635734
-0.576543  0.712788
-0.411486  2.050613
-0.602589  0.780759
-0.080097  1.115704
-0.010155  0.613114
 0.047366  0.906260
 0.257261  0.983881
 0.130918  1.133810
 0.004091  6.684684
-0.603766  1.119555
-0.132068  1.576357
 0.099261  0.795481
 0.216044  1.321545
-0.017221  2.130169
 0.031959  4.212861
 0.129892  5.244625
-0.021052  0.909096
-0.208563  1.177617
 0.279263  0.762350
 0.068965  0.971362
-0.242693  1.689007
 0.081285  1.132245
-0.849438  1.583169
-0.327687  2.256734
-0.469182  1.022478
-1.081555  3.974100
-0.142503  0.900012
-0.093448  1.296490
 0.472989  0.655811
 0.520997  0.259581
 0.619609  0.771289
 0.722657  4.931051
 0.600902  0.490354
 0.528849  0.413569
 0.304243  0.560435
-0.253908  1.480347
-0.238161  0.684543
 0.012454  0.671309
 0.054690  2.112845
 0.053209  0.395535
 0.519984  0.789764
 1.070266  0.583627
 0.774465  0.543416
 0.842150  1.192446
 1.073896  2.425300
 1.225494  2.677775
 0.571284  3.018899
 0.125949  2.667085
-0.125700  1.601937
-0.042556  1.045195
 0.013440  0.756411
 0.160654  0.874074
-0.039707  1.107528
-0.217756  2.332565
 0.558420  1.755501
 0.367992  2.760254
-0.012504  0.519486
 0.720650  2.162818
 0.687975  0.747017
 0.406514  0.645337
-0.213385  1.202781
-0.101786  0.437766
 0.126102  0.834725
 1.342409  7.906330
 0.880779  1.104462
 0.968977  1.456001
 0.330579  1.139037
 0.302540  2.098307
-0.208798  0.724152
 0.447710  0.596452
 0.157644  0.645874
 0.272295  1.529698
 0.722352  1.728546
 0.341663  0.549928
 0.405112  0.774509
 0.436430  0.574276
 0.930313  1.446713
 1.153808  4.017548
 0.973992  0.658369
 0.730968  1.689948
 0.586855  0.457093
 0.326697  1.549493
 0.942504  1.296749
 0.728790  1.283084
 0.018501  2.754743
 0.688756  1.851438
-0.012715  0.963855
 0.060038  1.383500
-0.549520  0.913062
-0.399946  1.003645
 0.158977  0.611840
 0.544791  0.465115
 0.825524  0.406796
 0.088636  0.772520
 0.177502  0.601227
 0.424527  1.190739
 0.860024  2.354138
 0.620792  0.577317
 0.300282  0.324419
 0.486837  0.734767
 0.220536  1.277264
-0.144205  1.927341
-0.139143  0.628084
 0.202485  0.672292
-0.090060  0.374774
 0.015660  0.837258
 0.179928  0.884713
 0.535244  1.054711
 0.737037  1.998523
 0.754639  0.587440
 0.736689  1.172595
 0.332600  1.321793
 0.284781  0.841567
-0.057899  1.580173
-0.087689  1.030989
 0.220235  1.285332
-0.403659  0.905537
-0.182814  2.546731
 0.057989  0.788608
 0.410644  1.122508
 0.379622  1.139205
 0.261736  0.697741
 0.291525  1.135458
 0.577051  1.649817
 0.535584  0.528736
 0.221620  2.407167
-0.201007  0.539128
-0.220170  1.184023
 0.420809  0.849950
 0.184565  0.744896
-0.088578  1.769569
-0.029442  0.729488
-0.079250  1.467530
-0.146928  2.639082
-0.276658  1.001481
-0.090070  1.354642
 0.149229  1.741610
 0.440446  1.274532
 0.644276  0.566504
 0.088440  0.555001
 0.503545  0.942126
 0.427346  0.798444
 0.372004  1.658463
-0.143171  4.244625
 0.137348  1.116588
 0.449233  1.228149
 0.692235  1.540001
 0.036796  0.558988
 0.121073  1.062678
-0.092004  1.016788
 0.082828  0.762626
-0.057302  0.661715
-0.047559  1.326636
 0.344110  0.725760
 0.994624  1.435834
 0.767367  0.592040
 1.235568  1.844428
 0.888922  0.457790
 0.176511  0.720373
 0.408003  0.823529
 0.877018  2.289420
 1.168871  2.351075
 1.134578  1.972740
 0.288438  0.473006
 0.605520  0.749047
 0.341273  0.522902
 0.016582  1.130457
 0.743993  1.305314
 0.555899  0.659497
 0.753084  1.262921
 0.695872  1.543440
 0.617814  2.217551
 0.578249  1.376938
 0.059573  0.455166
 0.234640  0.839799
-0.180052  1.192453
 0.494847  0.894125
 0.298504  1.008301
 0.424866  3.145371
 0.268947  0.884196
 0.566995  0.854983
 0.496796  0.599268
 0.400344  0.721235
 0.448228  1.307441
-0.101095  0.499822
-0.321770  0.796316
-0.412783  1.274200
 0.307120  0.868592
 0.066023  0.731147
 0.459141  0.619714
 0.370687  1.623697
 0.370767  0.898840
 0.522708  0.302383
 0.256610  0.764463
 0.353377  0.693057
 0.422014  1.234049
 0.300030  0.940396
-0.154033  0.752415
 0.137984  0.509048
 0.544387  2.224617
 0.294191  0.551366
 0.196265  0.382287
 0.344198  0.330738
 0.450555  0.536103
 0.387528  0.563038
 0.991440  1.564515
 0.574592  0.366397
 0.635403  0.664322
 0.797606  0.715806
 0.517875  0.339470
 0.647129  0.613355
 0.623844  1.193899
 1.000789  0.905060
 1.128949  0.442897
 0.746290  0.819675
 0.977560  2.442762
 0.641819  0.411852
 0.038069  0.552121
 0.275390  1.387600
-0.032076  1.364625
-0.320535  1.779139
-0.481917  1.399514
 0.035690  0.621752
-0.313376  0.539436
 0.088516  0.395220
-0.060934  0.875945
 0.272620  0.710036
 0.463711  0.734808
 0.015228  0.416974
-0.437373  0.853285
 0.215419  0.893785
 0.329314  0.566993
 0.114644  0.374067
 0.647142  0.276948
 0.422405  0.568898
 0.492104  1.492537
 0.303975  0.700828
 0.383233  0.901694
 0.868864  2.866741
 0.642337  0.467485
 0.762662  0.594755
 1.094002  0.520738
 1.076774  0.899797
 0.503576  1.629254
-0.208314  0.414691
-0.067296  0.523846
-0.344694  1.739825
-0.361328  2.050626
-0.507883  2.540438
 0.127662  0.464348
 0.240939  0.799509
-0.088452  0.797447
-0.445060  0.631193
-0.471150  0.942587
-0.406867  0.935778
 0.570513  0.706474
 0.842733  0.881741
 0.727717  1.651597
 0.536931  0.449516
 0.567345  1.292265
 0.215332  1.438479
 0.290282  0.725241
 0.619000  0.685284
 0.557375  0.713080
 0.361507  0.519863
 0.323539  0.374008
 0.385993  1.056029
 0.523842  1.450425
 0.527508  1.261410
 0.854822  0.402395
 0.631638  1.007527
 0.754523  0.575859
 0.678919  0.338703
 0.340145  0.587486
 0.756151  1.013903
 0.862091  1.356927
 1.106399  0.723932
 1.237384  0.492912
 0.579069  0.537979
 0.204191  1.238452
 0.060255  1.124567
 0.025775  0.483459
 0.346081  0.382229
-0.003841  0.828544
 0.093161  1.701207
-0.570201  1.226092
 0.096790  0.364880
 0.549806  0.814325
 0.341197  1.014030
 0.379049  1.009416
 0.124393  1.585890
 0.138755  0.692842
 0.238393  0.931139
 0.051649  0.709463
-0.210274  0.553912
-0.263314  1.466980
-0.297504  0.639372
 0.279797  3.183228
 0.250356  1.439685
 0.436232  0.371961
 0.503603  0.763583
 0.796240  0.645114
 0.460609  0.946391
 0.956396  1.512110
 0.642228  0.867680
 0.535023  0.694772
 0.521720  0.423173
 0.592994  0.788672
 0.512449  1.485865
 1.016553  0.694598
 1.271839  1.239169
 0.859315  1.008554
 0.259501  0.818044
 0.308313  0.536904
 0.722887  1.303513
 0.580691  1.170372
 0.290968  0.547487
 0.076447  0.723344
 0.191785  0.561249
-0.014273  1.629520
-0.177787  1.909246
 0.146822  0.635857
 0.181324  0.640462
 0.427594  0.820604
 0.466862  0.671516
 0.480761  1.875046
 0.868503  0.739857
 0.121816  0.911972
 0.461489  0.478499
 0.808893  1.474579
 0.225473  0.679980
 0.374219  2.065626
 0.171492  1.113707
-0.097592  1.541247
-0.273257  0.859705
-0.062655  1.592589
 0.239300  0.849422
 0.369575  1.473447
 0.197155  0.480541
 0.178200  0.918773
 0.584817  0.890137
 0.534377  1.142263
 0.514879  1.218468
 0.511909  0.955212
 0.822914  3.291063
 0.381491  0.678468
 0.123506  0.739936
 0.664309  0.772368
 0.412874  0.894394
 0.578160  2.389234
 0.690066  0.952727
 0.780968  1.465520
 0.842092  0.623204
 0.321120  0.498865
 0.035110  0.979356
 0.604100  0.693218
 0.186096  0.259173
-0.033643  0.819177
 0.294202  2.836726
 0.488812  1.111493
-0.343000  1.321981
-0.628321  1.920946
-0.029378  1.266764
-0.052749  1.013927
-0.174648  1.253320
-0.103785  1.115772
 0.543300  0.655208
 0.842308  0.911711
 0.752703  0.745238
 0.703399  0.682279
 0.891321  0.944177
 1.227443  1.256343
 1.183665  0.516000
 0.928815  0.658730
 0.681683  0.979407
 0.838967  0.988065
 1.141322  0.827730
 0.851003  0.505496
 0.707858  0.762184
 0.611169  1.617883
 0.416386  0.689803
 0.029069  1.520020
 0.144475  1.418287
 0.385251  0.861096
 0.406689  2.497258
 0.475694  0.630136
 0.283746  1.301916
 0.221104  0.827657
 0.209810  0.881534
 0.234960  1.512578
-0.042428  3.235902
 0.727807  1.808698
 0.747836  0.830287
 0.483279  0.678829
 0.752759  1.264206
 0.863254  1.092417
 0.706511  0.627942
 0.408592  0.724244
 0.050957  0.800831
-0.122638  0.679638
 0.244588  0.484416
-0.332068  0.750854
 0.064345  1.021328
 0.610517  0.756882
-0.007788  0.560556
-0.280257  0.935164
-0.297001  0.798301
-0.173801  1.845430
 0.056799  0.370015
 0.031593  0.962939
 0.082744  0.549891
 0.211359  0.441855
 1.018908  1.536536
 0.933195  0.952109
 0.885097  0.879295
 0.720980  1.408676
 0.683176  0.491253
 0.562944  0.508184
 0.498811  1.280375
 0.157504  0.705637
-0.120759  0.971935
 0.081914  1.059697
-0.116460  0.954734
 0.404057  0.750372
 0.428544  1.847566
 0.697297  0.791596
 0.149805  1.160403
 0.150623  1.081508
 0.144701  0.842469
 0.489701  0.706284
 0.369949  0.411757
 0.407847  0.471381
 0.091221  1.758321
 0.177434  2.360451
 0.158260  0.996179
-0.403224  0.765099
-0.146954  1.448692
-0.223273  0.795809
 0.264317  0.688405
 0.549777  0.807921
 0.826398  0.480695
 0.506844  1.301571
 0.476895  0.445254
 0.740753  0.562056
 0.626975  1.080626
 0.158596  0.431683
 0.483912  1.243949
 0.776166  1.009292
 0.967120  0.511040
 0.889388  0.877873
 0.996796  0.424007
 0.642985  0.814284
 0.500353  0.693071
 0.188010  0.631791
-0.052909  0.511812
-0.387254  1.473165
-0.336533  0.617179
 0.170101  0.546502
 0.247483  0.505728
-0.077142  0.765136
-0.716427  1.134887
-0.074615  0.640839
 0.035154  0.874964
 0.319500  0.606647
 0.218507  1.864495
-0.005737  0.839811
 0.085742  2.250066
 0.212057  0.318515
 0.291872  0.823985
 0.300364  0.756086
-0.126336  0.606987
 0.180523  0.430073
 0.147013  0.522960
 0.269671  0.713323
 0.300755  0.636927
-0.253602  0.793682
-0.334265  1.741473
 0.066623  1.270885
-0.236728  0.686096
 0.129293  1.895008
 0.130146  0.481688
-0.281114  0.473321
 0.173028  0.728276
 0.135229  1.155351
 0.209650  0.828978
 0.478287  1.323668
 0.158829  0.552474
 0.187079  1.297034
 0.318920  1.018527
 0.306817  1.431476
 0.051293  1.150024
 0.024905  0.426442
 0.099188  0.931856
-0.106297  0.833221
-0.174457  0.431627
-0.304290  1.536201
 0.075846  2.736916
-0.182199  1.315351
-0.231811  1.615598
 0.130468  0.500495
 0.318839  0.752126
 0.325842  0.998904
 0.499327  1.037458
 0.960408  1.644674
 1.530409  0.707594
 1.164888  0.452414
 0.885996  0.797281
 1.302679  0.522886
 1.459992  1.076731
 0.852220  0.533459
 0.512118  0.688576
 0.596797  0.535979
 0.922860  0.717448
 0.751821  0.480756
 0.623451  0.735562
 0.657613  0.623113
 0.650805  0.490405
 1.106954  0.299608
 1.087991  1.289276
 1.311576  0.483656
 1.170184  0.751548
 1.422387  0.355394
 1.299948  0.620065
 1.211145  0.771546
 1.326488  0.647968
 1.414623  1.464831
 1.561691  0.470681
 1.363691  0.754379
 1.454332  0.842226
 1.257832  0.853921
 0.855376  0.586858
