-87.3636 12.8569
-85.9699 14.0764
-83.3567 14.8604
-83.0954 11.8116
-81.4404 9.98239
-78.6965 9.54686
-76.4753 9.28554
-74.3847 11.6374
-70.5956 12.2907
-67.4162 10.6792
-65.8483 10.6792
-63.7577 10.7664
-60.9703 9.98239
-58.5313 7.80472
-56.7891 6.06258
-55.047 5.88837
-53.0435 5.71415
-51.6498 4.32044
-50.8659 3.88491
-49.7335 1.35881
-48.6011 -0.339773
-44.2458 -1.95125
-41.8939 -2.73521
-40.5002 -2.82232
-38.6709 -2.99653
-36.8417 -4.30314
-35.0124 -5.34842
-34.4898 -7.00345
-34.7511 -8.65848
-35.448 -9.83442
-36.9288 -10.6619
-38.3225 -12.8396
-38.8451 -15.1044
-39.542 -18.85
-40.5002 -20.6792
-41.1099 -21.8987
-41.7197 -22.7698
-43.636 -22.944
-45.291 -23.8151
-47.1203 -24.3377
-48.3398 -25.9927
-48.4269 -28.0833
-50.0819 -30.4352
-51.5627 -31.6547
-52.608 -32.7
-54.7857 -35.2261
-56.702 -36.7069
-59.7508 -37.0553
-62.7124 -34.2679
-64.6288 -30.7836
-66.458 -28.3446
-68.6357 -26.9509
-69.9423 -23.4666
-70.6391 -18.3273
-74.2541 -16.1497
-75.6913 -14.5817
-76.7366 -12.7525
-79.0885 -8.22294
-80.308 -6.3937
-81.2226 -4.73867
-80.8306 -2.29968
-80.2209 -0.470433
-79.6111 0.749063
-78.0432 2.75252
-77.3464 5.36573
-78.7836 7.19497
-80.7435 7.28208
-83.3567 7.6305
-85.186 9.19843
-87.3636 12.8569
