0.258587 0.263882 0.268444 0.266951 0.270706 0.308938 0.313761 0.311993 0.268270 0.271458 0.284353 0.266480 0.305010
0.263882 0.236466 0.259725 0.260497 0.248388 0.301320 0.300924 0.299227 0.265683 0.264599 0.263934 0.256559 0.292304
0.268444 0.259725 0.254669 0.260574 0.266806 0.300780 0.309572 0.307801 0.268588 0.265667 0.280593 0.260934 0.300815
0.266951 0.260497 0.260574 0.252497 0.267423 0.299140 0.308535 0.306750 0.265831 0.262637 0.281048 0.262159 0.299752
0.270706 0.248388 0.266806 0.267423 0.237819 0.308251 0.304453 0.302804 0.272489 0.271391 0.262374 0.263761 0.295922
0.308938 0.301320 0.300780 0.299140 0.308251 0.328095 0.348934 0.347145 0.307974 0.300762 0.321873 0.303335 0.340144
0.313761 0.300924 0.309572 0.308535 0.304453 0.348934 0.216137 0.225828 0.312922 0.309451 0.310247 0.308597 0.227522
0.311993 0.299227 0.307801 0.306750 0.302804 0.347145 0.225828 0.215840 0.311131 0.307639 0.308807 0.306843 0.224219
0.268270 0.265683 0.268588 0.265831 0.272489 0.307974 0.312922 0.311131 0.256058 0.269585 0.286010 0.267946 0.304129
0.271458 0.264599 0.265667 0.262637 0.271391 0.300762 0.309451 0.307639 0.269585 0.239470 0.284811 0.266971 0.300620
0.284353 0.263934 0.280593 0.281048 0.262374 0.321873 0.310247 0.308807 0.286010 0.284811 0.235966 0.277671 0.302102
0.266480 0.256559 0.260934 0.262159 0.263761 0.303335 0.308597 0.306843 0.267946 0.266971 0.277671 0.253397 0.299872
0.305010 0.292304 0.300815 0.299752 0.295922 0.340144 0.227522 0.224219 0.304129 0.300620 0.302102 0.299872 0.215846
