    -nan 0.264510 0.282136 0.274745 0.291245 0.325215 0.327689 0.322926 0.281003 0.271328 0.299692 0.275847 0.305444
0.264510     -nan 0.246751 0.247182 0.241364 0.303753 0.294443 0.289804 0.245020 0.250553 0.244356 0.247564 0.284117
0.282136 0.246751 0.271392 0.259317 0.282740 0.314791 0.314890 0.307809 0.272126 0.266764 0.284751 0.260127 0.303048
0.274745 0.247182 0.259317 0.241110 0.273168 0.306098 0.307186 0.302786 0.258236 0.245487 0.273109 0.254987 0.294280
0.291245 0.241364 0.282740 0.273168     -nan 0.321819 0.310399 0.301978 0.287692 0.276923 0.274506 0.264732 0.303441
0.325215 0.303753 0.314791 0.306098 0.321819 0.345282 0.353144 0.345237 0.323280 0.318172 0.335527 0.309384 0.344869
0.327689 0.294443 0.314890 0.307186 0.310399 0.353144 0.200879 0.220979 0.317074 0.305207 0.310042 0.305783 0.228604
0.322926 0.289804 0.307809 0.302786 0.301978 0.345237 0.220979 0.205038 0.302358 0.307411 0.304994 0.299048 0.212348
0.281003 0.245020 0.272126 0.258236 0.287692 0.323280 0.317074 0.302358 0.255272 0.258568 0.289104 0.260879 0.295123
0.271328 0.250553 0.266764 0.245487 0.276923 0.318172 0.305207 0.307411 0.258568     -nan 0.285809 0.265495 0.298913
0.299692 0.244356 0.284751 0.273109 0.274506 0.335527 0.310042 0.304994 0.289103 0.285809 0.236819 0.265274 0.299626
0.275847 0.247564 0.260127 0.254987 0.264732 0.309384 0.305783 0.299048 0.260879 0.265495 0.265274     -nan 0.295088
0.305444 0.284117 0.303048 0.294280 0.303441 0.344869 0.228604 0.212348 0.295123 0.298913 0.299626 0.295088 0.212994
